	species	Air_temp	Water_temp	Salinity	NH4	Silicate	PO4	NO2_NO3	Tidal_height
1	syn_1	27.00	17.50	34.00	7777.00	7777.00	7777.00	7777.00	2.86
3	syn_1	21.00	20.00	33.00	7777.00	7777.00	7777.00	7777.00	1.95
4	syn_1	26.00	17.00	34.00	7777.00	7777.00	7777.00	7777.00	1.59
5	syn_1	29.00	20.00	34.00	7777.00	7777.00	7777.00	7777.00	1.23
6	syn_1	23.00	15.00	34.00	7777.00	7777.00	7777.00	7777.00	1.12
7	syn_1	24.00	17.00	34.00	7777.00	7777.00	7777.00	7777.00	0.83
8	syn_1	23.00	17.50	34.00	7777.00	7777.00	7777.00	7777.00	0.61
9	syn_1	7777.00	19.00	33.00	7777.00	7777.00	7777.00	7777.00	0.46
10	syn_1	23.50	18.30	7777.00	0.86	2.34	0.07	0.63	0.52
11	syn_1	26.50	13.50	34.00	0.46	2.53	0.10	0.58	0.61
12	syn_1	28.30	11.00	34.00	0.18	6.62	7777.00	1.21	1.02
13	syn_1	25.50	7777.00	7777.00	0.87	7.05	0.33	2.41	1.60
14	syn_1	28.50	13.50	34.00	0.70	6.32	0.19	2.94	1.94
15	syn_1	23.50	11.00	34.00	0.76	5.57	0.21	1.80	2.48
16	syn_1	26.50	11.00	34.00	0.38	4.45	0.24	1.76	2.90
17	syn_1	26.50	12.80	34.00	7777.00	4.11	7777.00	7777.00	3.13
18	syn_1	25.50	13.80	7777.00	0.22	3.99	0.10	0.32	2.48
19	syn_1	20.80	15.80	7777.00	0.27	3.99	7777.00	1.42	2.15
20	syn_1	24.30	18.00	34.00	0.86	2.80	7777.00	0.90	1.38
21	syn_1	21.50	19.80	7777.00	0.66	2.89	0.11	0.35	1.36
22	syn_1	23.00	18.50	34.00	1.40	2.11	7777.00	0.63	0.30
23	syn_1	26.80	18.00	34.00	0.61	4.22	7777.00	7777.00	0.30
24	syn_1	21.50	17.80	34.00	0.14	4.58	7777.00	1.48	0.17
25	syn_1	30.50	14.50	34.00	0.14	5.00	0.16	2.41	0.53
26	syn_1	21.50	16.50	34.00	0.53	3.45	7777.00	5.11	1.10
27	syn_1	25.50	18.80	34.00	0.15	2.76	7777.00	7777.00	1.85
28	syn_1	20.30	19.30	34.00	0.65	3.89	0.07	6.67	2.46
29	syn_1	19.50	18.80	34.00	0.07	4.24	7777.00	7.36	2.81
30	syn_1	7777.00	7777.00	34.00	7777.00	3.03	7777.00	1.25	3.00
31	syn_1	17.80	7777.00	34.00	0.27	4.22	0.06	7777.00	2.85
32	syn_1	7777.00	7777.00	32.00	0.47	5.22	0.29	1.72	2.83
33	syn_1	23.00	17.80	34.00	0.22	7.12	0.26	3.91	1.85
34	syn_1	21.30	17.80	34.00	7777.00	8.45	7777.00	1.25	1.60
35	syn_1	23.00	18.00	34.00	7777.00	7.18	0.08	0.88	1.54
36	syn_1	28.90	18.60	34.00	0.30	9.61	0.17	5.34	1.34
37	syn_1	28.30	20.00	34.00	7777.00	8.70	0.08	2.35	0.92
38	syn_1	31.80	20.00	34.00	0.40	8.29	0.16	1.64	0.82
39	syn_1	27.50	20.00	7777.00	0.67	8.38	7777.00	1.27	0.71
40	syn_1	31.00	20.80	34.00	0.47	6.42	0.18	2.14	0.75
41	syn_1	24.80	16.80	34.00	0.57	8.14	0.12	0.78	1.56
42	syn_1	22.80	16.00	34.00	1.33	9.56	0.23	2.85	2.28
43	syn_1	24.50	15.30	34.00	7777.00	9.81	7777.00	7777.00	2.99
44	syn_1	22.30	15.30	7777.00	0.22	7.86	0.21	2.08	3.23
45	syn_1	24.50	14.00	35.00	0.45	9.79	0.50	6.28	3.54
46	syn_1	22.00	16.00	34.00	7777.00	3.62	7777.00	7777.00	3.23
47	syn_1	18.30	14.50	34.00	0.14	9.17	0.21	11.97	2.31
48	syn_1	18.30	16.00	34.00	7777.00	2.15	7777.00	1.27	0.72
49	syn_1	21.30	16.20	34.00	0.21	5.67	7777.00	8.75	0.43
50	syn_1	21.30	16.20	34.00	0.21	5.67	7777.00	8.75	0.43
51	syn_1	19.70	15.40	35.00	1.41	8.60	0.22	1.64	1.02
52	syn_1	15.80	15.00	7777.00	0.65	8.22	0.19	3.36	1.84
53	syn_1	18.40	16.50	34.00	0.08	4.18	0.10	3.36	1.78
54	syn_1	19.30	16.00	34.00	0.52	5.14	0.12	0.93	2.50
55	syn_1	17.00	16.50	34.00	7777.00	2.48	7777.00	7777.00	2.90
56	syn_1	16.80	16.30	35.00	7777.00	4.55	7777.00	0.80	2.91
57	syn_1	24.50	16.10	34.00	0.12	5.69	7777.00	0.98	2.61
58	syn_1	21.80	16.80	34.00	0.11	5.75	0.21	2.42	2.51
59	syn_1	23.00	15.80	35.00	0.10	3.43	0.08	0.37	2.64
60	syn_1	24.50	15.40	34.00	7777.00	388.553.437	0.14	1.380.458.067	2.51
61	syn_1	19.50	15.60	34.00	7777.00	368.516.943	7777.00	0.40	1.56
62	syn_1	16.00	16.10	34.00	7777.00	192.760.767	7777.00	0.64	1.42
63	syn_1	23.50	16.10	34.00	7777.00	308.472.192	0.06	0.25	1.63
64	syn_1	23.40	15.80	7777.00	0.64	314.520.666	0.08	0.21	0.86
65	syn_1	20.50	16.60	34.00	7777.00	491.676.702	7777.00	398.961.658	0.70
66	syn_1	24.00	13.60	34.00	7777.00	929.448.892	0.36	479.394.157	0.77
67	syn_1	16.50	15.00	37.00	0.46	747.316.924	7777.00	340.940.811	0.69
68	syn_1	12.80	14.80	35.00	7777.00	560.788.915	0.22	194.980.151	1.90
69	syn_1	13.30	14.20	34.00	7777.00	335.568.200	7777.00	7777.00	2.10
71	syn_1	15.00	15.00	34.00	0.59	473.112.511	0.29	335.872.437	3.60
72	syn_1	12.00	14.80	34.00	0.34	425.226.139	0.07	107.608.610	3.43
73	syn_1	16.00	14.90	35.00	0.56	460.514.160	7777.00	0.78	2.76
74	syn_1	15.00	15.00	34.00	0.22	747.205.437	0.37	403.130.774	2.00
75	syn_1	15.70	15.00	34.00	0.27	568.920.077	7777.00	0.63	2.22
77	syn_1	13.00	14.30	34.00	101.936.349	1.096.390.997	0.56	2.238.246.012	0.86
78	syn_1	13.50	14.20	34.00	0.50	802.320.554	0.32	643.173.978	0.61
79	syn_1	15.00	14.00	34.00	0.72	682.555.397	0.33	224.926.414	0.87
81	syn_1	11.70	13.00	34.00	0.28	1.026.670.677	0.46	400.626.666	1.51
82	syn_1	12.80	13.10	34.00	0.62	925.552.032	0.42	342.771.250	1.67
83	syn_1	10.00	11.80	35.00	113.919.458	1.403.286.008	0.68	653.670.004	2.67
84	syn_1	9.00	11.50	34.00	7777.00	928.442.401	0.25	193.721.117	2.78
85	syn_1	13.70	12.20	34.00	0.31	669.121.430	7777.00	149.546.708	2.95
86	syn_1	13.50	12.00	34.00	0.45	786.365.667	7777.00	157.456.749	3.23
87	syn_1	9.50	11.30	34.00	0.34	697.263.111	7777.00	140.486.230	3.02
88	syn_1	8.70	11.20	35.00	0.35	840.643.114	0.32	368.415.534	2.66
89	syn_2	27.00	17.50	34.00	7777.00	7777.00	7777.00	7777.00	2.86
91	syn_2	21.00	20.00	33.00	7777.00	7777.00	7777.00	7777.00	1.95
92	syn_2	26.00	17.00	34.00	7777.00	7777.00	7777.00	7777.00	1.59
93	syn_2	29.00	20.00	34.00	7777.00	7777.00	7777.00	7777.00	1.23
94	syn_2	23.00	15.00	34.00	7777.00	7777.00	7777.00	7777.00	1.12
95	syn_2	24.00	17.00	34.00	7777.00	7777.00	7777.00	7777.00	0.83
96	syn_2	7777.00	19.00	33.00	7777.00	7777.00	7777.00	7777.00	0.46
97	syn_2	23.50	18.30	7777.00	0.86	2.34	0.07	0.63	0.52
98	syn_2	26.50	13.50	34.00	0.46	2.53	0.10	0.58	0.61
99	syn_2	28.30	11.00	34.00	0.18	6.62	7777.00	1.21	1.02
100	syn_2	25.50	7777.00	7777.00	0.87	7.05	0.33	2.41	1.60
101	syn_2	28.50	13.50	34.00	0.70	6.32	0.19	2.94	1.94
102	syn_2	23.50	11.00	34.00	0.76	5.57	0.21	1.80	2.48
103	syn_2	26.50	11.00	34.00	0.38	4.45	0.24	1.76	2.90
104	syn_2	26.50	12.80	34.00	7777.00	4.11	7777.00	7777.00	3.13
105	syn_2	25.50	13.80	7777.00	0.22	3.99	0.10	0.32	2.48
106	syn_2	20.80	15.80	7777.00	0.27	3.99	7777.00	1.42	2.15
107	syn_2	24.30	18.00	34.00	0.86	2.80	7777.00	0.90	1.38
108	syn_2	21.50	19.80	7777.00	0.66	2.89	0.11	0.35	1.36
109	syn_2	23.00	18.50	34.00	1.40	2.11	7777.00	0.63	0.30
110	syn_2	26.80	18.00	34.00	0.61	4.22	7777.00	7777.00	0.30
111	syn_2	21.50	17.80	34.00	0.14	4.58	7777.00	1.48	0.17
112	syn_2	30.50	14.50	34.00	0.14	5.00	0.16	2.41	0.53
113	syn_2	21.50	16.50	34.00	0.53	3.45	7777.00	5.11	1.10
114	syn_2	25.50	18.80	34.00	0.15	2.76	7777.00	7777.00	1.85
115	syn_2	20.30	19.30	34.00	0.65	3.89	0.07	6.67	2.46
116	syn_2	19.50	18.80	34.00	0.07	4.24	7777.00	7.36	2.81
117	syn_2	7777.00	7777.00	34.00	7777.00	3.03	7777.00	1.25	3.00
118	syn_2	17.80	7777.00	34.00	0.27	4.22	0.06	7777.00	2.85
119	syn_2	7777.00	7777.00	32.00	0.47	5.22	0.29	1.72	2.83
120	syn_2	23.00	17.80	34.00	0.22	7.12	0.26	3.91	1.85
121	syn_2	21.30	17.80	34.00	7777.00	8.45	7777.00	1.25	1.60
122	syn_2	23.00	18.00	34.00	7777.00	7.18	0.08	0.88	1.54
123	syn_2	28.90	18.60	34.00	0.30	9.61	0.17	5.34	1.34
124	syn_2	31.80	20.00	34.00	0.40	8.29	0.16	1.64	0.82
125	syn_2	27.50	20.00	7777.00	0.67	8.38	7777.00	1.27	0.71
126	syn_2	31.00	20.80	34.00	0.47	6.42	0.18	2.14	0.75
127	syn_2	24.80	16.80	34.00	0.57	8.14	0.12	0.78	1.56
128	syn_2	22.80	16.00	34.00	1.33	9.56	0.23	2.85	2.28
129	syn_2	24.50	15.30	34.00	7777.00	9.81	7777.00	7777.00	2.99
130	syn_2	22.30	15.30	7777.00	0.22	7.86	0.21	2.08	3.23
131	syn_2	24.50	14.00	35.00	0.45	9.79	0.50	6.28	3.54
132	syn_2	22.00	16.00	34.00	7777.00	3.62	7777.00	7777.00	3.23
133	syn_2	18.30	14.50	34.00	0.14	9.17	0.21	11.97	2.31
134	syn_2	16.60	15.30	34.00	0.74	4.10	7777.00	2.22	0.91
135	syn_2	18.30	16.00	34.00	7777.00	2.15	7777.00	1.27	0.72
136	syn_2	21.30	16.20	34.00	0.21	5.67	7777.00	8.75	0.43
137	syn_2	21.30	16.20	34.00	0.21	5.67	7777.00	8.75	0.43
138	syn_2	19.70	15.40	35.00	1.41	8.60	0.22	1.64	1.02
139	syn_2	15.80	15.00	7777.00	0.65	8.22	0.19	3.36	1.84
140	syn_2	18.40	16.50	34.00	0.08	4.18	0.10	3.36	1.78
141	syn_2	19.30	16.00	34.00	0.52	5.14	0.12	0.93	2.50
142	syn_2	17.00	16.50	34.00	7777.00	2.48	7777.00	7777.00	2.90
143	syn_2	16.80	16.30	35.00	7777.00	4.55	7777.00	0.80	2.91
144	syn_2	24.50	16.10	34.00	0.12	5.69	7777.00	0.98	2.61
145	syn_2	21.80	16.80	34.00	0.11	5.75	0.21	2.42	2.51
146	syn_2	23.00	15.80	35.00	0.10	3.43	0.08	0.37	2.64
147	syn_2	24.50	15.40	34.00	7777.00	388.553.437	0.14	1.380.458.067	2.51
148	syn_2	19.50	15.60	34.00	7777.00	368.516.943	7777.00	0.40	1.56
149	syn_2	23.40	15.80	7777.00	0.64	314.520.666	0.08	0.21	0.86
150	syn_2	24.00	13.60	34.00	7777.00	929.448.892	0.36	479.394.157	0.77
151	syn_2	16.50	15.00	37.00	0.46	747.316.924	7777.00	340.940.811	0.69
152	syn_2	12.80	14.80	35.00	7777.00	560.788.915	0.22	194.980.151	1.90
153	syn_2	13.30	14.20	34.00	7777.00	335.568.200	7777.00	7777.00	2.10
155	syn_2	15.00	15.00	34.00	0.59	473.112.511	0.29	335.872.437	3.60
156	syn_2	12.00	14.80	34.00	0.34	425.226.139	0.07	107.608.610	3.43
157	syn_2	16.00	14.90	35.00	0.56	460.514.160	7777.00	0.78	2.76
158	syn_2	15.00	15.00	34.00	0.22	747.205.437	0.37	403.130.774	2.00
159	syn_2	15.70	15.00	34.00	0.27	568.920.077	7777.00	0.63	2.22
161	syn_2	13.00	14.30	34.00	101.936.349	1.096.390.997	0.56	2.238.246.012	0.86
162	syn_2	13.50	14.20	34.00	0.50	802.320.554	0.32	643.173.978	0.61
163	syn_2	15.00	14.00	34.00	0.72	682.555.397	0.33	224.926.414	0.87
165	syn_2	11.70	13.00	34.00	0.28	1.026.670.677	0.46	400.626.666	1.51
166	syn_2	12.80	13.10	34.00	0.62	925.552.032	0.42	342.771.250	1.67
167	syn_2	10.00	11.80	35.00	113.919.458	1.403.286.008	0.68	653.670.004	2.67
168	syn_2	9.00	11.50	34.00	7777.00	928.442.401	0.25	193.721.117	2.78
169	syn_2	13.70	12.20	34.00	0.31	669.121.430	7777.00	149.546.708	2.95
170	syn_2	13.50	12.00	34.00	0.45	786.365.667	7777.00	157.456.749	3.23
171	syn_2	9.50	11.30	34.00	0.34	697.263.111	7777.00	140.486.230	3.02
172	syn_2	8.70	11.20	35.00	0.35	840.643.114	0.32	368.415.534	2.66
173	syn_3	23.00	15.00	34.00	7777.00	7777.00	7777.00	7777.00	1.12
174	syn_3	24.00	17.00	34.00	7777.00	7777.00	7777.00	7777.00	0.83
175	syn_3	7777.00	19.00	33.00	7777.00	7777.00	7777.00	7777.00	0.46
176	syn_3	23.50	18.30	7777.00	0.86	2.34	0.07	0.63	0.52
177	syn_3	26.50	13.50	34.00	0.46	2.53	0.10	0.58	0.61
178	syn_3	28.30	11.00	34.00	0.18	6.62	7777.00	1.21	1.02
179	syn_3	25.50	7777.00	7777.00	0.87	7.05	0.33	2.41	1.60
180	syn_3	28.50	13.50	34.00	0.70	6.32	0.19	2.94	1.94
181	syn_3	23.50	11.00	34.00	0.76	5.57	0.21	1.80	2.48
182	syn_3	26.50	11.00	34.00	0.38	4.45	0.24	1.76	2.90
183	syn_3	26.50	12.80	34.00	7777.00	4.11	7777.00	7777.00	3.13
184	syn_3	25.50	13.80	7777.00	0.22	3.99	0.10	0.32	2.48
185	syn_3	20.80	15.80	7777.00	0.27	3.99	7777.00	1.42	2.15
186	syn_3	24.30	18.00	34.00	0.86	2.80	7777.00	0.90	1.38
187	syn_3	21.50	19.80	7777.00	0.66	2.89	0.11	0.35	1.36
188	syn_3	23.00	18.50	34.00	1.40	2.11	7777.00	0.63	0.30
189	syn_3	26.80	18.00	34.00	0.61	4.22	7777.00	7777.00	0.30
190	syn_3	21.50	17.80	34.00	0.14	4.58	7777.00	1.48	0.17
191	syn_3	30.50	14.50	34.00	0.14	5.00	0.16	2.41	0.53
192	syn_3	21.50	16.50	34.00	0.53	3.45	7777.00	5.11	1.10
193	syn_3	25.50	18.80	34.00	0.15	2.76	7777.00	7777.00	1.85
194	syn_3	20.30	19.30	34.00	0.65	3.89	0.07	6.67	2.46
195	syn_3	19.50	18.80	34.00	0.07	4.24	7777.00	7.36	2.81
196	syn_3	17.80	7777.00	34.00	0.27	4.22	0.06	7777.00	2.85
197	syn_3	7777.00	7777.00	32.00	0.47	5.22	0.29	1.72	2.83
198	syn_3	23.00	17.80	34.00	0.22	7.12	0.26	3.91	1.85
199	syn_3	21.30	17.80	34.00	7777.00	8.45	7777.00	1.25	1.60
200	syn_3	23.00	18.00	34.00	7777.00	7.18	0.08	0.88	1.54
201	syn_3	28.90	18.60	34.00	0.30	9.61	0.17	5.34	1.34
202	syn_3	28.30	20.00	34.00	7777.00	8.70	0.08	2.35	0.92
203	syn_3	31.80	20.00	34.00	0.40	8.29	0.16	1.64	0.82
204	syn_3	27.50	20.00	7777.00	0.67	8.38	7777.00	1.27	0.71
205	syn_3	31.00	20.80	34.00	0.47	6.42	0.18	2.14	0.75
206	syn_3	24.80	16.80	34.00	0.57	8.14	0.12	0.78	1.56
207	syn_3	22.80	16.00	34.00	1.33	9.56	0.23	2.85	2.28
208	syn_3	24.50	15.30	34.00	7777.00	9.81	7777.00	7777.00	2.99
209	syn_3	22.30	15.30	7777.00	0.22	7.86	0.21	2.08	3.23
210	syn_3	24.50	14.00	35.00	0.45	9.79	0.50	6.28	3.54
211	syn_3	22.00	16.00	34.00	7777.00	3.62	7777.00	7777.00	3.23
212	syn_3	16.60	15.30	34.00	0.74	4.10	7777.00	2.22	0.91
213	syn_3	18.30	16.00	34.00	7777.00	2.15	7777.00	1.27	0.72
214	syn_3	21.30	16.20	34.00	0.21	5.67	7777.00	8.75	0.43
215	syn_3	21.30	16.20	34.00	0.21	5.67	7777.00	8.75	0.43
216	syn_3	19.70	15.40	35.00	1.41	8.60	0.22	1.64	1.02
217	syn_3	15.80	15.00	7777.00	0.65	8.22	0.19	3.36	1.84
218	syn_3	18.40	16.50	34.00	0.08	4.18	0.10	3.36	1.78
219	syn_3	19.30	16.00	34.00	0.52	5.14	0.12	0.93	2.50
220	syn_3	17.00	16.50	34.00	7777.00	2.48	7777.00	7777.00	2.90
221	syn_3	24.50	16.10	34.00	0.12	5.69	7777.00	0.98	2.61
222	syn_3	21.80	16.80	34.00	0.11	5.75	0.21	2.42	2.51
224	syn_3	19.50	15.60	34.00	7777.00	368.516.943	7777.00	0.40	1.56
225	syn_3	23.40	15.80	7777.00	0.64	314.520.666	0.08	0.21	0.86
226	syn_3	16.50	15.00	37.00	0.46	747.316.924	7777.00	340.940.811	0.69
227	syn_3	12.00	14.80	34.00	0.34	425.226.139	0.07	107.608.610	3.43
228	syn_3	16.00	14.90	35.00	0.56	460.514.160	7777.00	0.78	2.76
229	syn_3	15.00	15.00	34.00	0.22	747.205.437	0.37	403.130.774	2.00
230	syn_3	15.70	15.00	34.00	0.27	568.920.077	7777.00	0.63	2.22
232	syn_3	13.50	14.20	34.00	0.50	802.320.554	0.32	643.173.978	0.61
233	syn_3	15.00	14.00	34.00	0.72	682.555.397	0.33	224.926.414	0.87
235	syn_3	11.70	13.00	34.00	0.28	1.026.670.677	0.46	400.626.666	1.51
236	syn_3	12.80	13.10	34.00	0.62	925.552.032	0.42	342.771.250	1.67
237	syn_3	10.00	11.80	35.00	113.919.458	1.403.286.008	0.68	653.670.004	2.67
238	syn_3	9.00	11.50	34.00	7777.00	928.442.401	0.25	193.721.117	2.78
239	syn_3	13.70	12.20	34.00	0.31	669.121.430	7777.00	149.546.708	2.95
240	syn_3	13.50	12.00	34.00	0.45	786.365.667	7777.00	157.456.749	3.23
241	syn_3	9.50	11.30	34.00	0.34	697.263.111	7777.00	140.486.230	3.02
242	syn_3	8.70	11.20	35.00	0.35	840.643.114	0.32	368.415.534	2.66
243	syn_4	27.00	17.50	34.00	7777.00	7777.00	7777.00	7777.00	2.86
244	syn_4	21.00	20.00	33.00	7777.00	7777.00	7777.00	7777.00	1.95
245	syn_4	26.00	17.00	34.00	7777.00	7777.00	7777.00	7777.00	1.59
246	syn_4	29.00	20.00	34.00	7777.00	7777.00	7777.00	7777.00	1.23
247	syn_4	24.00	17.00	34.00	7777.00	7777.00	7777.00	7777.00	0.83
248	syn_4	23.50	18.30	7777.00	0.86	2.34	0.07	0.63	0.52
249	syn_4	26.50	13.50	34.00	0.46	2.53	0.10	0.58	0.61
250	syn_4	28.30	11.00	34.00	0.18	6.62	7777.00	1.21	1.02
251	syn_4	25.50	7777.00	7777.00	0.87	7.05	0.33	2.41	1.60
252	syn_4	23.50	11.00	34.00	0.76	5.57	0.21	1.80	2.48
253	syn_4	25.50	13.80	7777.00	0.22	3.99	0.10	0.32	2.48
254	syn_4	23.00	18.50	34.00	1.40	2.11	7777.00	0.63	0.30
255	syn_4	26.80	18.00	34.00	0.61	4.22	7777.00	7777.00	0.30
256	syn_4	21.50	17.80	34.00	0.14	4.58	7777.00	1.48	0.17
257	syn_4	30.50	14.50	34.00	0.14	5.00	0.16	2.41	0.53
258	syn_4	21.50	16.50	34.00	0.53	3.45	7777.00	5.11	1.10
259	syn_4	25.50	18.80	34.00	0.15	2.76	7777.00	7777.00	1.85
260	syn_4	20.30	19.30	34.00	0.65	3.89	0.07	6.67	2.46
261	syn_4	19.50	18.80	34.00	0.07	4.24	7777.00	7.36	2.81
262	syn_4	7777.00	7777.00	34.00	7777.00	3.03	7777.00	1.25	3.00
263	syn_4	17.80	7777.00	34.00	0.27	4.22	0.06	7777.00	2.85
264	syn_4	7777.00	7777.00	32.00	0.47	5.22	0.29	1.72	2.83
265	syn_4	23.00	17.80	34.00	0.22	7.12	0.26	3.91	1.85
266	syn_4	21.30	17.80	34.00	7777.00	8.45	7777.00	1.25	1.60
267	syn_4	31.80	20.00	34.00	0.40	8.29	0.16	1.64	0.82
268	syn_4	27.50	20.00	7777.00	0.67	8.38	7777.00	1.27	0.71
269	syn_4	31.00	20.80	34.00	0.47	6.42	0.18	2.14	0.75
270	syn_4	24.80	16.80	34.00	0.57	8.14	0.12	0.78	1.56
271	syn_4	22.80	16.00	34.00	1.33	9.56	0.23	2.85	2.28
272	syn_4	18.30	16.00	34.00	7777.00	2.15	7777.00	1.27	0.72
273	syn_4	21.30	16.20	34.00	0.21	5.67	7777.00	8.75	0.43
274	syn_4	21.30	16.20	34.00	0.21	5.67	7777.00	8.75	0.43
275	syn_4	19.70	15.40	35.00	1.41	8.60	0.22	1.64	1.02
276	syn_4	15.80	15.00	7777.00	0.65	8.22	0.19	3.36	1.84
277	syn_4	18.40	16.50	34.00	0.08	4.18	0.10	3.36	1.78
278	syn_4	19.30	16.00	34.00	0.52	5.14	0.12	0.93	2.50
279	syn_4	17.00	16.50	34.00	7777.00	2.48	7777.00	7777.00	2.90
280	syn_4	16.80	16.30	35.00	7777.00	4.55	7777.00	0.80	2.91
281	syn_4	24.50	16.10	34.00	0.12	5.69	7777.00	0.98	2.61
282	syn_4	21.80	16.80	34.00	0.11	5.75	0.21	2.42	2.51
284	syn_4	24.50	15.40	34.00	7777.00	388.553.437	0.14	1.380.458.067	2.51
285	syn_4	23.40	15.80	7777.00	0.64	314.520.666	0.08	0.21	0.86
286	syn_4	12.00	14.80	34.00	0.34	425.226.139	0.07	107.608.610	3.43
287	syn_4	16.00	14.90	35.00	0.56	460.514.160	7777.00	0.78	2.76
288	syn_5	27.00	17.50	34.00	7777.00	7777.00	7777.00	7777.00	2.86
290	syn_5	21.00	20.00	33.00	7777.00	7777.00	7777.00	7777.00	1.95
291	syn_5	26.00	17.00	34.00	7777.00	7777.00	7777.00	7777.00	1.59
292	syn_5	29.00	20.00	34.00	7777.00	7777.00	7777.00	7777.00	1.23
293	syn_5	23.00	15.00	34.00	7777.00	7777.00	7777.00	7777.00	1.12
294	syn_5	24.00	17.00	34.00	7777.00	7777.00	7777.00	7777.00	0.83
295	syn_5	23.00	17.50	34.00	7777.00	7777.00	7777.00	7777.00	0.61
296	syn_5	7777.00	19.00	33.00	7777.00	7777.00	7777.00	7777.00	0.46
297	syn_5	23.50	18.30	7777.00	0.86	2.34	0.07	0.63	0.52
298	syn_5	26.50	13.50	34.00	0.46	2.53	0.10	0.58	0.61
299	syn_5	28.30	11.00	34.00	0.18	6.62	7777.00	1.21	1.02
300	syn_5	25.50	7777.00	7777.00	0.87	7.05	0.33	2.41	1.60
301	syn_5	28.50	13.50	34.00	0.70	6.32	0.19	2.94	1.94
302	syn_5	23.50	11.00	34.00	0.76	5.57	0.21	1.80	2.48
303	syn_5	26.50	11.00	34.00	0.38	4.45	0.24	1.76	2.90
304	syn_5	26.50	12.80	34.00	7777.00	4.11	7777.00	7777.00	3.13
305	syn_5	25.50	13.80	7777.00	0.22	3.99	0.10	0.32	2.48
306	syn_5	20.80	15.80	7777.00	0.27	3.99	7777.00	1.42	2.15
307	syn_5	24.30	18.00	34.00	0.86	2.80	7777.00	0.90	1.38
308	syn_5	21.50	19.80	7777.00	0.66	2.89	0.11	0.35	1.36
309	syn_5	23.00	18.50	34.00	1.40	2.11	7777.00	0.63	0.30
310	syn_5	26.80	18.00	34.00	0.61	4.22	7777.00	7777.00	0.30
311	syn_5	21.50	17.80	34.00	0.14	4.58	7777.00	1.48	0.17
312	syn_5	30.50	14.50	34.00	0.14	5.00	0.16	2.41	0.53
313	syn_5	21.50	16.50	34.00	0.53	3.45	7777.00	5.11	1.10
314	syn_5	25.50	18.80	34.00	0.15	2.76	7777.00	7777.00	1.85
315	syn_5	20.30	19.30	34.00	0.65	3.89	0.07	6.67	2.46
316	syn_5	19.50	18.80	34.00	0.07	4.24	7777.00	7.36	2.81
317	syn_5	7777.00	7777.00	34.00	7777.00	3.03	7777.00	1.25	3.00
318	syn_5	17.80	7777.00	34.00	0.27	4.22	0.06	7777.00	2.85
319	syn_5	7777.00	7777.00	32.00	0.47	5.22	0.29	1.72	2.83
320	syn_5	23.00	17.80	34.00	0.22	7.12	0.26	3.91	1.85
321	syn_5	21.30	17.80	34.00	7777.00	8.45	7777.00	1.25	1.60
322	syn_5	23.00	18.00	34.00	7777.00	7.18	0.08	0.88	1.54
323	syn_5	28.90	18.60	34.00	0.30	9.61	0.17	5.34	1.34
324	syn_5	28.30	20.00	34.00	7777.00	8.70	0.08	2.35	0.92
325	syn_5	31.80	20.00	34.00	0.40	8.29	0.16	1.64	0.82
326	syn_5	27.50	20.00	7777.00	0.67	8.38	7777.00	1.27	0.71
327	syn_5	31.00	20.80	34.00	0.47	6.42	0.18	2.14	0.75
328	syn_5	24.80	16.80	34.00	0.57	8.14	0.12	0.78	1.56
329	syn_5	22.80	16.00	34.00	1.33	9.56	0.23	2.85	2.28
330	syn_5	24.50	15.30	34.00	7777.00	9.81	7777.00	7777.00	2.99
331	syn_5	22.30	15.30	7777.00	0.22	7.86	0.21	2.08	3.23
332	syn_5	24.50	14.00	35.00	0.45	9.79	0.50	6.28	3.54
333	syn_5	22.00	16.00	34.00	7777.00	3.62	7777.00	7777.00	3.23
334	syn_5	18.30	14.50	34.00	0.14	9.17	0.21	11.97	2.31
335	syn_5	16.60	15.30	34.00	0.74	4.10	7777.00	2.22	0.91
336	syn_5	18.30	16.00	34.00	7777.00	2.15	7777.00	1.27	0.72
337	syn_5	21.30	16.20	34.00	0.21	5.67	7777.00	8.75	0.43
338	syn_5	21.30	16.20	34.00	0.21	5.67	7777.00	8.75	0.43
339	syn_5	19.70	15.40	35.00	1.41	8.60	0.22	1.64	1.02
340	syn_5	15.80	15.00	7777.00	0.65	8.22	0.19	3.36	1.84
341	syn_5	18.40	16.50	34.00	0.08	4.18	0.10	3.36	1.78
342	syn_5	19.30	16.00	34.00	0.52	5.14	0.12	0.93	2.50
343	syn_5	17.00	16.50	34.00	7777.00	2.48	7777.00	7777.00	2.90
344	syn_5	16.80	16.30	35.00	7777.00	4.55	7777.00	0.80	2.91
345	syn_5	24.50	16.10	34.00	0.12	5.69	7777.00	0.98	2.61
346	syn_5	21.80	16.80	34.00	0.11	5.75	0.21	2.42	2.51
348	syn_5	24.50	15.40	34.00	7777.00	388.553.437	0.14	1.380.458.067	2.51
349	syn_5	19.50	15.60	34.00	7777.00	368.516.943	7777.00	0.40	1.56
350	syn_5	16.00	16.10	34.00	7777.00	192.760.767	7777.00	0.64	1.42
351	syn_5	23.40	15.80	7777.00	0.64	314.520.666	0.08	0.21	0.86
352	syn_5	20.50	16.60	34.00	7777.00	491.676.702	7777.00	398.961.658	0.70
353	syn_5	24.00	13.60	34.00	7777.00	929.448.892	0.36	479.394.157	0.77
354	syn_5	16.50	15.00	37.00	0.46	747.316.924	7777.00	340.940.811	0.69
355	syn_5	12.80	14.80	35.00	7777.00	560.788.915	0.22	194.980.151	1.90
356	syn_5	13.30	14.20	34.00	7777.00	335.568.200	7777.00	7777.00	2.10
358	syn_5	15.00	15.00	34.00	0.59	473.112.511	0.29	335.872.437	3.60
359	syn_5	12.00	14.80	34.00	0.34	425.226.139	0.07	107.608.610	3.43
360	syn_5	16.00	14.90	35.00	0.56	460.514.160	7777.00	0.78	2.76
361	syn_5	15.00	15.00	34.00	0.22	747.205.437	0.37	403.130.774	2.00
362	syn_5	15.70	15.00	34.00	0.27	568.920.077	7777.00	0.63	2.22
364	syn_5	13.00	14.30	34.00	101.936.349	1.096.390.997	0.56	2.238.246.012	0.86
365	syn_5	13.50	14.20	34.00	0.50	802.320.554	0.32	643.173.978	0.61
366	syn_5	15.00	14.00	34.00	0.72	682.555.397	0.33	224.926.414	0.87
368	syn_5	11.70	13.00	34.00	0.28	1.026.670.677	0.46	400.626.666	1.51
369	syn_5	12.80	13.10	34.00	0.62	925.552.032	0.42	342.771.250	1.67
370	syn_5	10.00	11.80	35.00	113.919.458	1.403.286.008	0.68	653.670.004	2.67
371	syn_5	9.00	11.50	34.00	7777.00	928.442.401	0.25	193.721.117	2.78
372	syn_5	13.70	12.20	34.00	0.31	669.121.430	7777.00	149.546.708	2.95
373	syn_5	13.50	12.00	34.00	0.45	786.365.667	7777.00	157.456.749	3.23
374	syn_5	9.50	11.30	34.00	0.34	697.263.111	7777.00	140.486.230	3.02
375	syn_5	8.70	11.20	35.00	0.35	840.643.114	0.32	368.415.534	2.66
376	syn_6	27.00	17.50	34.00	7777.00	7777.00	7777.00	7777.00	2.86
378	syn_6	21.00	20.00	33.00	7777.00	7777.00	7777.00	7777.00	1.95
379	syn_6	26.00	17.00	34.00	7777.00	7777.00	7777.00	7777.00	1.59
380	syn_6	29.00	20.00	34.00	7777.00	7777.00	7777.00	7777.00	1.23
381	syn_6	23.00	15.00	34.00	7777.00	7777.00	7777.00	7777.00	1.12
382	syn_6	24.00	17.00	34.00	7777.00	7777.00	7777.00	7777.00	0.83
383	syn_6	23.00	17.50	34.00	7777.00	7777.00	7777.00	7777.00	0.61
384	syn_6	7777.00	19.00	33.00	7777.00	7777.00	7777.00	7777.00	0.46
385	syn_6	23.50	18.30	7777.00	0.86	2.34	0.07	0.63	0.52
386	syn_6	26.50	13.50	34.00	0.46	2.53	0.10	0.58	0.61
387	syn_6	28.30	11.00	34.00	0.18	6.62	7777.00	1.21	1.02
388	syn_6	25.50	7777.00	7777.00	0.87	7.05	0.33	2.41	1.60
389	syn_6	28.50	13.50	34.00	0.70	6.32	0.19	2.94	1.94
390	syn_6	23.50	11.00	34.00	0.76	5.57	0.21	1.80	2.48
391	syn_6	26.50	12.80	34.00	7777.00	4.11	7777.00	7777.00	3.13
392	syn_6	25.50	13.80	7777.00	0.22	3.99	0.10	0.32	2.48
393	syn_6	20.80	15.80	7777.00	0.27	3.99	7777.00	1.42	2.15
394	syn_6	24.30	18.00	34.00	0.86	2.80	7777.00	0.90	1.38
395	syn_6	21.50	19.80	7777.00	0.66	2.89	0.11	0.35	1.36
396	syn_6	23.00	18.50	34.00	1.40	2.11	7777.00	0.63	0.30
397	syn_6	26.80	18.00	34.00	0.61	4.22	7777.00	7777.00	0.30
398	syn_6	21.50	17.80	34.00	0.14	4.58	7777.00	1.48	0.17
399	syn_6	30.50	14.50	34.00	0.14	5.00	0.16	2.41	0.53
400	syn_6	21.50	16.50	34.00	0.53	3.45	7777.00	5.11	1.10
401	syn_6	25.50	18.80	34.00	0.15	2.76	7777.00	7777.00	1.85
402	syn_6	20.30	19.30	34.00	0.65	3.89	0.07	6.67	2.46
403	syn_6	19.50	18.80	34.00	0.07	4.24	7777.00	7.36	2.81
404	syn_6	7777.00	7777.00	34.00	7777.00	3.03	7777.00	1.25	3.00
405	syn_6	17.80	7777.00	34.00	0.27	4.22	0.06	7777.00	2.85
406	syn_6	7777.00	7777.00	32.00	0.47	5.22	0.29	1.72	2.83
407	syn_6	23.00	17.80	34.00	0.22	7.12	0.26	3.91	1.85
408	syn_6	21.30	17.80	34.00	7777.00	8.45	7777.00	1.25	1.60
409	syn_6	23.00	18.00	34.00	7777.00	7.18	0.08	0.88	1.54
410	syn_6	28.90	18.60	34.00	0.30	9.61	0.17	5.34	1.34
411	syn_6	28.30	20.00	34.00	7777.00	8.70	0.08	2.35	0.92
412	syn_6	31.80	20.00	34.00	0.40	8.29	0.16	1.64	0.82
413	syn_6	31.00	20.80	34.00	0.47	6.42	0.18	2.14	0.75
414	syn_6	24.80	16.80	34.00	0.57	8.14	0.12	0.78	1.56
415	syn_6	22.80	16.00	34.00	1.33	9.56	0.23	2.85	2.28
416	syn_6	24.50	15.30	34.00	7777.00	9.81	7777.00	7777.00	2.99
417	syn_6	22.30	15.30	7777.00	0.22	7.86	0.21	2.08	3.23
418	syn_6	24.50	14.00	35.00	0.45	9.79	0.50	6.28	3.54
419	syn_6	22.00	16.00	34.00	7777.00	3.62	7777.00	7777.00	3.23
420	syn_6	18.30	14.50	34.00	0.14	9.17	0.21	11.97	2.31
421	syn_6	16.60	15.30	34.00	0.74	4.10	7777.00	2.22	0.91
422	syn_6	18.30	16.00	34.00	7777.00	2.15	7777.00	1.27	0.72
423	syn_6	21.30	16.20	34.00	0.21	5.67	7777.00	8.75	0.43
424	syn_6	21.30	16.20	34.00	0.21	5.67	7777.00	8.75	0.43
425	syn_6	19.70	15.40	35.00	1.41	8.60	0.22	1.64	1.02
426	syn_6	15.80	15.00	7777.00	0.65	8.22	0.19	3.36	1.84
427	syn_6	18.40	16.50	34.00	0.08	4.18	0.10	3.36	1.78
428	syn_6	19.30	16.00	34.00	0.52	5.14	0.12	0.93	2.50
429	syn_6	17.00	16.50	34.00	7777.00	2.48	7777.00	7777.00	2.90
430	syn_6	16.80	16.30	35.00	7777.00	4.55	7777.00	0.80	2.91
431	syn_6	24.50	16.10	34.00	0.12	5.69	7777.00	0.98	2.61
432	syn_6	21.80	16.80	34.00	0.11	5.75	0.21	2.42	2.51
433	syn_6	23.00	15.80	35.00	0.10	3.43	0.08	0.37	2.64
434	syn_6	24.50	15.40	34.00	7777.00	388.553.437	0.14	1.380.458.067	2.51
435	syn_6	19.50	15.60	34.00	7777.00	368.516.943	7777.00	0.40	1.56
436	syn_6	23.40	15.80	7777.00	0.64	314.520.666	0.08	0.21	0.86
437	syn_6	24.00	13.60	34.00	7777.00	929.448.892	0.36	479.394.157	0.77
438	syn_6	16.50	15.00	37.00	0.46	747.316.924	7777.00	340.940.811	0.69
439	syn_6	12.80	14.80	35.00	7777.00	560.788.915	0.22	194.980.151	1.90
440	syn_6	15.00	15.00	34.00	0.59	473.112.511	0.29	335.872.437	3.60
441	syn_6	12.00	14.80	34.00	0.34	425.226.139	0.07	107.608.610	3.43
442	syn_6	16.00	14.90	35.00	0.56	460.514.160	7777.00	0.78	2.76
443	syn_6	15.00	15.00	34.00	0.22	747.205.437	0.37	403.130.774	2.00
444	syn_6	15.70	15.00	34.00	0.27	568.920.077	7777.00	0.63	2.22
446	syn_6	13.00	14.30	34.00	101.936.349	1.096.390.997	0.56	2.238.246.012	0.86
447	syn_6	11.70	13.00	34.00	0.28	1.026.670.677	0.46	400.626.666	1.51
448	syn_6	12.80	13.10	34.00	0.62	925.552.032	0.42	342.771.250	1.67
449	syn_6	10.00	11.80	35.00	113.919.458	1.403.286.008	0.68	653.670.004	2.67
450	syn_6	9.00	11.50	34.00	7777.00	928.442.401	0.25	193.721.117	2.78
451	syn_6	13.70	12.20	34.00	0.31	669.121.430	7777.00	149.546.708	2.95
452	syn_6	13.50	12.00	34.00	0.45	786.365.667	7777.00	157.456.749	3.23
453	syn_6	9.50	11.30	34.00	0.34	697.263.111	7777.00	140.486.230	3.02
454	syn_6	8.70	11.20	35.00	0.35	840.643.114	0.32	368.415.534	2.66
455	syn_7	25.50	13.80	7777.00	0.22	3.99	0.10	0.32	2.48
456	syn_7	30.50	14.50	34.00	0.14	5.00	0.16	2.41	0.53
457	syn_7	21.30	16.20	34.00	0.21	5.67	7777.00	8.75	0.43
458	syn_7	19.70	15.40	35.00	1.41	8.60	0.22	1.64	1.02
459	syn_7	15.80	15.00	7777.00	0.65	8.22	0.19	3.36	1.84
460	syn_7	18.40	16.50	34.00	0.08	4.18	0.10	3.36	1.78
461	syn_7	17.00	16.50	34.00	7777.00	2.48	7777.00	7777.00	2.90
462	syn_7	16.80	16.30	35.00	7777.00	4.55	7777.00	0.80	2.91
463	syn_7	24.50	16.10	34.00	0.12	5.69	7777.00	0.98	2.61
464	syn_7	21.80	16.80	34.00	0.11	5.75	0.21	2.42	2.51
465	syn_7	23.00	15.80	35.00	0.10	3.43	0.08	0.37	2.64
466	syn_7	24.50	15.40	34.00	7777.00	388.553.437	0.14	1.380.458.067	2.51
467	syn_7	19.50	15.60	34.00	7777.00	368.516.943	7777.00	0.40	1.56
468	syn_7	16.00	16.10	34.00	7777.00	192.760.767	7777.00	0.64	1.42
469	syn_7	23.50	16.10	34.00	7777.00	308.472.192	0.06	0.25	1.63
470	syn_7	23.40	15.80	7777.00	0.64	314.520.666	0.08	0.21	0.86
471	syn_7	20.50	16.60	34.00	7777.00	491.676.702	7777.00	398.961.658	0.70
472	syn_7	24.00	13.60	34.00	7777.00	929.448.892	0.36	479.394.157	0.77
473	syn_7	16.50	15.00	37.00	0.46	747.316.924	7777.00	340.940.811	0.69
474	syn_7	12.80	14.80	35.00	7777.00	560.788.915	0.22	194.980.151	1.90
475	syn_7	13.30	14.20	34.00	7777.00	335.568.200	7777.00	7777.00	2.10
477	syn_7	15.00	15.00	34.00	0.59	473.112.511	0.29	335.872.437	3.60
478	syn_7	16.00	14.90	35.00	0.56	460.514.160	7777.00	0.78	2.76
479	syn_7	15.00	15.00	34.00	0.22	747.205.437	0.37	403.130.774	2.00
480	syn_7	15.70	15.00	34.00	0.27	568.920.077	7777.00	0.63	2.22
482	syn_7	13.00	14.30	34.00	101.936.349	1.096.390.997	0.56	2.238.246.012	0.86
483	syn_7	13.50	14.20	34.00	0.50	802.320.554	0.32	643.173.978	0.61
484	syn_7	15.00	14.00	34.00	0.72	682.555.397	0.33	224.926.414	0.87
486	syn_7	11.70	13.00	34.00	0.28	1.026.670.677	0.46	400.626.666	1.51
487	syn_7	12.80	13.10	34.00	0.62	925.552.032	0.42	342.771.250	1.67
488	syn_7	10.00	11.80	35.00	113.919.458	1.403.286.008	0.68	653.670.004	2.67
489	syn_7	9.00	11.50	34.00	7777.00	928.442.401	0.25	193.721.117	2.78
490	syn_7	13.70	12.20	34.00	0.31	669.121.430	7777.00	149.546.708	2.95
491	syn_7	9.50	11.30	34.00	0.34	697.263.111	7777.00	140.486.230	3.02
492	syn_8	27.00	17.50	34.00	7777.00	7777.00	7777.00	7777.00	2.86
493	syn_8	21.00	20.00	33.00	7777.00	7777.00	7777.00	7777.00	1.95
494	syn_8	26.00	17.00	34.00	7777.00	7777.00	7777.00	7777.00	1.59
495	syn_8	29.00	20.00	34.00	7777.00	7777.00	7777.00	7777.00	1.23
496	syn_8	23.00	15.00	34.00	7777.00	7777.00	7777.00	7777.00	1.12
497	syn_8	24.00	17.00	34.00	7777.00	7777.00	7777.00	7777.00	0.83
498	syn_8	23.00	17.50	34.00	7777.00	7777.00	7777.00	7777.00	0.61
499	syn_8	7777.00	19.00	33.00	7777.00	7777.00	7777.00	7777.00	0.46
500	syn_8	23.50	18.30	7777.00	0.86	2.34	0.07	0.63	0.52
501	syn_8	26.50	13.50	34.00	0.46	2.53	0.10	0.58	0.61
502	syn_8	28.30	11.00	34.00	0.18	6.62	7777.00	1.21	1.02
503	syn_8	25.50	7777.00	7777.00	0.87	7.05	0.33	2.41	1.60
504	syn_8	28.50	13.50	34.00	0.70	6.32	0.19	2.94	1.94
505	syn_8	23.50	11.00	34.00	0.76	5.57	0.21	1.80	2.48
506	syn_8	26.50	11.00	34.00	0.38	4.45	0.24	1.76	2.90
507	syn_8	26.50	12.80	34.00	7777.00	4.11	7777.00	7777.00	3.13
508	syn_8	25.50	13.80	7777.00	0.22	3.99	0.10	0.32	2.48
509	syn_8	20.80	15.80	7777.00	0.27	3.99	7777.00	1.42	2.15
510	syn_8	24.30	18.00	34.00	0.86	2.80	7777.00	0.90	1.38
511	syn_8	21.50	19.80	7777.00	0.66	2.89	0.11	0.35	1.36
512	syn_8	23.00	18.50	34.00	1.40	2.11	7777.00	0.63	0.30
513	syn_8	26.80	18.00	34.00	0.61	4.22	7777.00	7777.00	0.30
514	syn_8	21.50	17.80	34.00	0.14	4.58	7777.00	1.48	0.17
515	syn_8	30.50	14.50	34.00	0.14	5.00	0.16	2.41	0.53
516	syn_8	21.50	16.50	34.00	0.53	3.45	7777.00	5.11	1.10
517	syn_8	25.50	18.80	34.00	0.15	2.76	7777.00	7777.00	1.85
518	syn_8	20.30	19.30	34.00	0.65	3.89	0.07	6.67	2.46
519	syn_8	19.50	18.80	34.00	0.07	4.24	7777.00	7.36	2.81
520	syn_8	7777.00	7777.00	34.00	7777.00	3.03	7777.00	1.25	3.00
521	syn_8	17.80	7777.00	34.00	0.27	4.22	0.06	7777.00	2.85
522	syn_8	7777.00	7777.00	32.00	0.47	5.22	0.29	1.72	2.83
523	syn_8	23.00	17.80	34.00	0.22	7.12	0.26	3.91	1.85
524	syn_8	21.30	17.80	34.00	7777.00	8.45	7777.00	1.25	1.60
525	syn_8	23.00	18.00	34.00	7777.00	7.18	0.08	0.88	1.54
526	syn_8	28.30	20.00	34.00	7777.00	8.70	0.08	2.35	0.92
527	syn_8	27.50	20.00	7777.00	0.67	8.38	7777.00	1.27	0.71
528	syn_8	24.80	16.80	34.00	0.57	8.14	0.12	0.78	1.56
529	syn_8	22.80	16.00	34.00	1.33	9.56	0.23	2.85	2.28
530	syn_8	24.50	15.30	34.00	7777.00	9.81	7777.00	7777.00	2.99
531	syn_8	22.30	15.30	7777.00	0.22	7.86	0.21	2.08	3.23
532	syn_8	22.00	16.00	34.00	7777.00	3.62	7777.00	7777.00	3.23
533	syn_8	18.30	14.50	34.00	0.14	9.17	0.21	11.97	2.31
534	syn_8	16.60	15.30	34.00	0.74	4.10	7777.00	2.22	0.91
535	syn_8	18.30	16.00	34.00	7777.00	2.15	7777.00	1.27	0.72
536	syn_8	21.30	16.20	34.00	0.21	5.67	7777.00	8.75	0.43
537	syn_8	21.30	16.20	34.00	0.21	5.67	7777.00	8.75	0.43
538	syn_8	19.70	15.40	35.00	1.41	8.60	0.22	1.64	1.02
539	syn_8	15.80	15.00	7777.00	0.65	8.22	0.19	3.36	1.84
540	syn_8	18.40	16.50	34.00	0.08	4.18	0.10	3.36	1.78
541	syn_8	19.30	16.00	34.00	0.52	5.14	0.12	0.93	2.50
542	syn_8	17.00	16.50	34.00	7777.00	2.48	7777.00	7777.00	2.90
543	syn_8	16.80	16.30	35.00	7777.00	4.55	7777.00	0.80	2.91
544	syn_8	24.50	16.10	34.00	0.12	5.69	7777.00	0.98	2.61
545	syn_8	21.80	16.80	34.00	0.11	5.75	0.21	2.42	2.51
546	syn_8	23.00	15.80	35.00	0.10	3.43	0.08	0.37	2.64
547	syn_8	24.50	15.40	34.00	7777.00	388.553.437	0.14	1.380.458.067	2.51
548	syn_8	19.50	15.60	34.00	7777.00	368.516.943	7777.00	0.40	1.56
549	syn_8	16.00	16.10	34.00	7777.00	192.760.767	7777.00	0.64	1.42
550	syn_8	23.50	16.10	34.00	7777.00	308.472.192	0.06	0.25	1.63
551	syn_8	23.40	15.80	7777.00	0.64	314.520.666	0.08	0.21	0.86
552	syn_8	20.50	16.60	34.00	7777.00	491.676.702	7777.00	398.961.658	0.70
553	syn_8	16.50	15.00	37.00	0.46	747.316.924	7777.00	340.940.811	0.69
554	syn_8	12.80	14.80	35.00	7777.00	560.788.915	0.22	194.980.151	1.90
555	syn_8	13.30	14.20	34.00	7777.00	335.568.200	7777.00	7777.00	2.10
557	syn_8	15.00	15.00	34.00	0.59	473.112.511	0.29	335.872.437	3.60
558	syn_8	12.00	14.80	34.00	0.34	425.226.139	0.07	107.608.610	3.43
559	syn_8	16.00	14.90	35.00	0.56	460.514.160	7777.00	0.78	2.76
560	syn_8	15.00	15.00	34.00	0.22	747.205.437	0.37	403.130.774	2.00
562	syn_8	13.00	14.30	34.00	101.936.349	1.096.390.997	0.56	2.238.246.012	0.86
563	syn_8	13.50	14.20	34.00	0.50	802.320.554	0.32	643.173.978	0.61
564	syn_8	11.70	13.00	34.00	0.28	1.026.670.677	0.46	400.626.666	1.51
565	syn_9	22.80	16.00	34.00	1.33	9.56	0.23	2.85	2.28
566	syn_9	24.50	15.30	34.00	7777.00	9.81	7777.00	7777.00	2.99
567	syn_9	16.60	15.30	34.00	0.74	4.10	7777.00	2.22	0.91
568	syn_9	18.30	16.00	34.00	7777.00	2.15	7777.00	1.27	0.72
569	syn_9	21.30	16.20	34.00	0.21	5.67	7777.00	8.75	0.43
570	syn_9	19.70	15.40	35.00	1.41	8.60	0.22	1.64	1.02
571	syn_9	15.80	15.00	7777.00	0.65	8.22	0.19	3.36	1.84
572	syn_9	18.40	16.50	34.00	0.08	4.18	0.10	3.36	1.78
573	syn_9	17.00	16.50	34.00	7777.00	2.48	7777.00	7777.00	2.90
574	syn_9	24.50	16.10	34.00	0.12	5.69	7777.00	0.98	2.61
575	syn_9	21.80	16.80	34.00	0.11	5.75	0.21	2.42	2.51
576	syn_9	23.00	15.80	35.00	0.10	3.43	0.08	0.37	2.64
577	syn_9	24.00	13.60	34.00	7777.00	929.448.892	0.36	479.394.157	0.77
578	syn_9	16.50	15.00	37.00	0.46	747.316.924	7777.00	340.940.811	0.69
579	syn_9	12.80	14.80	35.00	7777.00	560.788.915	0.22	194.980.151	1.90
580	syn_9	13.30	14.20	34.00	7777.00	335.568.200	7777.00	7777.00	2.10
582	syn_9	15.00	15.00	34.00	0.59	473.112.511	0.29	335.872.437	3.60
583	syn_9	12.00	14.80	34.00	0.34	425.226.139	0.07	107.608.610	3.43
584	syn_9	16.00	14.90	35.00	0.56	460.514.160	7777.00	0.78	2.76
585	syn_9	15.00	15.00	34.00	0.22	747.205.437	0.37	403.130.774	2.00
586	syn_9	15.70	15.00	34.00	0.27	568.920.077	7777.00	0.63	2.22
588	syn_9	13.00	14.30	34.00	101.936.349	1.096.390.997	0.56	2.238.246.012	0.86
589	syn_9	13.50	14.20	34.00	0.50	802.320.554	0.32	643.173.978	0.61
590	syn_9	15.00	14.00	34.00	0.72	682.555.397	0.33	224.926.414	0.87
592	syn_9	11.70	13.00	34.00	0.28	1.026.670.677	0.46	400.626.666	1.51
593	syn_9	12.80	13.10	34.00	0.62	925.552.032	0.42	342.771.250	1.67
594	syn_9	10.00	11.80	35.00	113.919.458	1.403.286.008	0.68	653.670.004	2.67
595	syn_9	9.00	11.50	34.00	7777.00	928.442.401	0.25	193.721.117	2.78
596	syn_9	13.70	12.20	34.00	0.31	669.121.430	7777.00	149.546.708	2.95
597	syn_9	13.50	12.00	34.00	0.45	786.365.667	7777.00	157.456.749	3.23
598	syn_9	9.50	11.30	34.00	0.34	697.263.111	7777.00	140.486.230	3.02
599	syn_9	8.70	11.20	35.00	0.35	840.643.114	0.32	368.415.534	2.66
600	syn_10	21.50	19.80	7777.00	0.66	2.89	0.11	0.35	1.36
601	syn_10	23.00	18.50	34.00	1.40	2.11	7777.00	0.63	0.30
602	syn_10	26.80	18.00	34.00	0.61	4.22	7777.00	7777.00	0.30
603	syn_10	21.50	17.80	34.00	0.14	4.58	7777.00	1.48	0.17
604	syn_10	30.50	14.50	34.00	0.14	5.00	0.16	2.41	0.53
605	syn_10	21.50	16.50	34.00	0.53	3.45	7777.00	5.11	1.10
606	syn_10	25.50	18.80	34.00	0.15	2.76	7777.00	7777.00	1.85
607	syn_10	20.30	19.30	34.00	0.65	3.89	0.07	6.67	2.46
608	syn_10	19.50	18.80	34.00	0.07	4.24	7777.00	7.36	2.81
609	syn_10	7777.00	7777.00	34.00	7777.00	3.03	7777.00	1.25	3.00
610	syn_10	17.80	7777.00	34.00	0.27	4.22	0.06	7777.00	2.85
611	syn_10	7777.00	7777.00	32.00	0.47	5.22	0.29	1.72	2.83
612	syn_10	23.00	17.80	34.00	0.22	7.12	0.26	3.91	1.85
613	syn_10	21.30	17.80	34.00	7777.00	8.45	7777.00	1.25	1.60
614	syn_10	23.00	18.00	34.00	7777.00	7.18	0.08	0.88	1.54
615	syn_10	28.90	18.60	34.00	0.30	9.61	0.17	5.34	1.34
616	syn_10	28.30	20.00	34.00	7777.00	8.70	0.08	2.35	0.92
617	syn_10	31.80	20.00	34.00	0.40	8.29	0.16	1.64	0.82
618	syn_10	27.50	20.00	7777.00	0.67	8.38	7777.00	1.27	0.71
619	syn_10	31.00	20.80	34.00	0.47	6.42	0.18	2.14	0.75
620	syn_10	24.80	16.80	34.00	0.57	8.14	0.12	0.78	1.56
621	syn_10	22.80	16.00	34.00	1.33	9.56	0.23	2.85	2.28
622	syn_10	24.50	15.30	34.00	7777.00	9.81	7777.00	7777.00	2.99
623	syn_10	22.30	15.30	7777.00	0.22	7.86	0.21	2.08	3.23
624	syn_10	24.50	14.00	35.00	0.45	9.79	0.50	6.28	3.54
625	syn_10	22.00	16.00	34.00	7777.00	3.62	7777.00	7777.00	3.23
626	syn_10	18.30	14.50	34.00	0.14	9.17	0.21	11.97	2.31
627	syn_10	16.60	15.30	34.00	0.74	4.10	7777.00	2.22	0.91
628	syn_10	18.30	16.00	34.00	7777.00	2.15	7777.00	1.27	0.72
629	syn_10	21.30	16.20	34.00	0.21	5.67	7777.00	8.75	0.43
630	syn_10	21.30	16.20	34.00	0.21	5.67	7777.00	8.75	0.43
631	syn_10	19.70	15.40	35.00	1.41	8.60	0.22	1.64	1.02
632	syn_10	15.80	15.00	7777.00	0.65	8.22	0.19	3.36	1.84
633	syn_10	18.40	16.50	34.00	0.08	4.18	0.10	3.36	1.78
634	syn_10	19.30	16.00	34.00	0.52	5.14	0.12	0.93	2.50
635	syn_10	17.00	16.50	34.00	7777.00	2.48	7777.00	7777.00	2.90
636	syn_10	16.80	16.30	35.00	7777.00	4.55	7777.00	0.80	2.91
637	syn_10	24.50	16.10	34.00	0.12	5.69	7777.00	0.98	2.61
638	syn_10	21.80	16.80	34.00	0.11	5.75	0.21	2.42	2.51
639	syn_10	23.00	15.80	35.00	0.10	3.43	0.08	0.37	2.64
640	syn_10	24.50	15.40	34.00	7777.00	388.553.437	0.14	1.380.458.067	2.51
641	syn_10	19.50	15.60	34.00	7777.00	368.516.943	7777.00	0.40	1.56
642	syn_10	16.00	16.10	34.00	7777.00	192.760.767	7777.00	0.64	1.42
643	syn_10	23.50	16.10	34.00	7777.00	308.472.192	0.06	0.25	1.63
644	syn_10	23.40	15.80	7777.00	0.64	314.520.666	0.08	0.21	0.86
645	syn_10	20.50	16.60	34.00	7777.00	491.676.702	7777.00	398.961.658	0.70
646	syn_10	24.00	13.60	34.00	7777.00	929.448.892	0.36	479.394.157	0.77
647	syn_10	16.50	15.00	37.00	0.46	747.316.924	7777.00	340.940.811	0.69
648	syn_10	12.80	14.80	35.00	7777.00	560.788.915	0.22	194.980.151	1.90
649	syn_10	13.30	14.20	34.00	7777.00	335.568.200	7777.00	7777.00	2.10
650	syn_10	15.00	15.00	34.00	0.59	473.112.511	0.29	335.872.437	3.60
651	syn_10	12.00	14.80	34.00	0.34	425.226.139	0.07	107.608.610	3.43
652	syn_10	16.00	14.90	35.00	0.56	460.514.160	7777.00	0.78	2.76
653	syn_10	15.00	15.00	34.00	0.22	747.205.437	0.37	403.130.774	2.00
654	syn_10	15.70	15.00	34.00	0.27	568.920.077	7777.00	0.63	2.22
656	syn_10	13.00	14.30	34.00	101.936.349	1.096.390.997	0.56	2.238.246.012	0.86
657	syn_10	13.50	14.20	34.00	0.50	802.320.554	0.32	643.173.978	0.61
658	syn_10	15.00	14.00	34.00	0.72	682.555.397	0.33	224.926.414	0.87
660	syn_10	11.70	13.00	34.00	0.28	1.026.670.677	0.46	400.626.666	1.51
661	syn_10	12.80	13.10	34.00	0.62	925.552.032	0.42	342.771.250	1.67
662	syn_10	10.00	11.80	35.00	113.919.458	1.403.286.008	0.68	653.670.004	2.67
663	syn_10	9.00	11.50	34.00	7777.00	928.442.401	0.25	193.721.117	2.78
664	syn_10	13.70	12.20	34.00	0.31	669.121.430	7777.00	149.546.708	2.95
665	syn_10	13.50	12.00	34.00	0.45	786.365.667	7777.00	157.456.749	3.23
666	syn_10	9.50	11.30	34.00	0.34	697.263.111	7777.00	140.486.230	3.02
667	syn_10	8.70	11.20	35.00	0.35	840.643.114	0.32	368.415.534	2.66
668	syn_11	17.80	7777.00	34.00	0.27	4.22	0.06	7777.00	2.85
669	syn_11	23.00	18.00	34.00	7777.00	7.18	0.08	0.88	1.54
670	syn_11	28.90	18.60	34.00	0.30	9.61	0.17	5.34	1.34
671	syn_11	28.30	20.00	34.00	7777.00	8.70	0.08	2.35	0.92
672	syn_11	31.80	20.00	34.00	0.40	8.29	0.16	1.64	0.82
673	syn_11	27.50	20.00	7777.00	0.67	8.38	7777.00	1.27	0.71
674	syn_11	31.00	20.80	34.00	0.47	6.42	0.18	2.14	0.75
675	syn_11	24.80	16.80	34.00	0.57	8.14	0.12	0.78	1.56
676	syn_11	24.50	19.50	34.00	0.73	6.26	0.18	0.36	1.65
677	syn_11	22.80	16.00	34.00	1.33	9.56	0.23	2.85	2.28
678	syn_11	24.50	15.30	34.00	7777.00	9.81	7777.00	7777.00	2.99
679	syn_11	22.30	15.30	7777.00	0.22	7.86	0.21	2.08	3.23
680	syn_11	24.50	14.00	35.00	0.45	9.79	0.50	6.28	3.54
681	syn_11	22.00	16.00	34.00	7777.00	3.62	7777.00	7777.00	3.23
682	syn_11	18.30	14.50	34.00	0.14	9.17	0.21	11.97	2.31
683	syn_11	16.60	15.30	34.00	0.74	4.10	7777.00	2.22	0.91
684	syn_11	18.30	16.00	34.00	7777.00	2.15	7777.00	1.27	0.72
685	syn_11	21.30	16.20	34.00	0.21	5.67	7777.00	8.75	0.43
686	syn_11	21.30	16.20	34.00	0.21	5.67	7777.00	8.75	0.43
687	syn_11	19.70	15.40	35.00	1.41	8.60	0.22	1.64	1.02
688	syn_11	15.80	15.00	7777.00	0.65	8.22	0.19	3.36	1.84
689	syn_11	18.40	16.50	34.00	0.08	4.18	0.10	3.36	1.78
690	syn_11	19.30	16.00	34.00	0.52	5.14	0.12	0.93	2.50
691	syn_11	17.00	16.50	34.00	7777.00	2.48	7777.00	7777.00	2.90
692	syn_11	16.80	16.30	35.00	7777.00	4.55	7777.00	0.80	2.91
693	syn_11	24.50	16.10	34.00	0.12	5.69	7777.00	0.98	2.61
694	syn_11	21.80	16.80	34.00	0.11	5.75	0.21	2.42	2.51
695	syn_11	23.00	15.80	35.00	0.10	3.43	0.08	0.37	2.64
696	syn_11	24.50	15.40	34.00	7777.00	388.553.437	0.14	1.380.458.067	2.51
697	syn_11	16.00	16.10	34.00	7777.00	192.760.767	7777.00	0.64	1.42
698	syn_11	23.40	15.80	7777.00	0.64	314.520.666	0.08	0.21	0.86
699	syn_11	24.00	13.60	34.00	7777.00	929.448.892	0.36	479.394.157	0.77
700	syn_11	16.50	15.00	37.00	0.46	747.316.924	7777.00	340.940.811	0.69
701	syn_11	13.30	14.20	34.00	7777.00	335.568.200	7777.00	7777.00	2.10
702	syn_11	12.00	14.80	34.00	0.34	425.226.139	0.07	107.608.610	3.43
703	syn_11	16.00	14.90	35.00	0.56	460.514.160	7777.00	0.78	2.76
704	syn_11	15.00	15.00	34.00	0.22	747.205.437	0.37	403.130.774	2.00
706	syn_11	13.00	14.30	34.00	101.936.349	1.096.390.997	0.56	2.238.246.012	0.86
707	syn_11	13.50	14.20	34.00	0.50	802.320.554	0.32	643.173.978	0.61
708	syn_11	15.00	14.00	34.00	0.72	682.555.397	0.33	224.926.414	0.87
710	syn_11	11.70	13.00	34.00	0.28	1.026.670.677	0.46	400.626.666	1.51
711	syn_11	12.80	13.10	34.00	0.62	925.552.032	0.42	342.771.250	1.67
712	syn_11	10.00	11.80	35.00	113.919.458	1.403.286.008	0.68	653.670.004	2.67
713	syn_11	9.00	11.50	34.00	7777.00	928.442.401	0.25	193.721.117	2.78
714	syn_11	13.70	12.20	34.00	0.31	669.121.430	7777.00	149.546.708	2.95
715	syn_11	13.50	12.00	34.00	0.45	786.365.667	7777.00	157.456.749	3.23
716	syn_11	9.50	11.30	34.00	0.34	697.263.111	7777.00	140.486.230	3.02
717	syn_11	8.70	11.20	35.00	0.35	840.643.114	0.32	368.415.534	2.66
718	syn_12	27.00	17.50	34.00	7777.00	7777.00	7777.00	7777.00	2.86
719	syn_12	26.00	17.00	34.00	7777.00	7777.00	7777.00	7777.00	1.59
720	syn_12	29.00	20.00	34.00	7777.00	7777.00	7777.00	7777.00	1.23
721	syn_12	23.00	15.00	34.00	7777.00	7777.00	7777.00	7777.00	1.12
722	syn_12	23.00	17.50	34.00	7777.00	7777.00	7777.00	7777.00	0.61
723	syn_12	23.50	18.30	7777.00	0.86	2.34	0.07	0.63	0.52
724	syn_12	26.50	13.50	34.00	0.46	2.53	0.10	0.58	0.61
725	syn_12	28.30	11.00	34.00	0.18	6.62	7777.00	1.21	1.02
726	syn_12	25.50	7777.00	7777.00	0.87	7.05	0.33	2.41	1.60
727	syn_12	28.50	13.50	34.00	0.70	6.32	0.19	2.94	1.94
728	syn_12	23.50	11.00	34.00	0.76	5.57	0.21	1.80	2.48
729	syn_12	26.50	11.00	34.00	0.38	4.45	0.24	1.76	2.90
730	syn_12	26.50	12.80	34.00	7777.00	4.11	7777.00	7777.00	3.13
731	syn_12	25.50	13.80	7777.00	0.22	3.99	0.10	0.32	2.48
732	syn_12	20.80	15.80	7777.00	0.27	3.99	7777.00	1.42	2.15
733	syn_12	24.30	18.00	34.00	0.86	2.80	7777.00	0.90	1.38
734	syn_12	21.50	19.80	7777.00	0.66	2.89	0.11	0.35	1.36
735	syn_12	23.00	18.50	34.00	1.40	2.11	7777.00	0.63	0.30
736	syn_12	26.80	18.00	34.00	0.61	4.22	7777.00	7777.00	0.30
737	syn_12	30.50	14.50	34.00	0.14	5.00	0.16	2.41	0.53
738	syn_12	21.50	16.50	34.00	0.53	3.45	7777.00	5.11	1.10
739	syn_12	19.50	18.80	34.00	0.07	4.24	7777.00	7.36	2.81
740	syn_12	22.80	16.00	34.00	1.33	9.56	0.23	2.85	2.28
741	syn_12	24.50	15.30	34.00	7777.00	9.81	7777.00	7777.00	2.99
742	syn_12	22.30	15.30	7777.00	0.22	7.86	0.21	2.08	3.23
743	syn_12	24.50	14.00	35.00	0.45	9.79	0.50	6.28	3.54
744	syn_12	22.00	16.00	34.00	7777.00	3.62	7777.00	7777.00	3.23
745	syn_12	18.30	14.50	34.00	0.14	9.17	0.21	11.97	2.31
746	syn_12	15.80	15.00	7777.00	0.65	8.22	0.19	3.36	1.84
747	syn_12	24.50	16.10	34.00	0.12	5.69	7777.00	0.98	2.61
748	syn_12	19.50	15.60	34.00	7777.00	368.516.943	7777.00	0.40	1.56
749	syn_12	24.00	13.60	34.00	7777.00	929.448.892	0.36	479.394.157	0.77
750	syn_12	16.50	15.00	37.00	0.46	747.316.924	7777.00	340.940.811	0.69
751	syn_12	12.80	14.80	35.00	7777.00	560.788.915	0.22	194.980.151	1.90
752	syn_12	15.00	15.00	34.00	0.22	747.205.437	0.37	403.130.774	2.00
753	syn_12	13.00	14.30	34.00	101.936.349	1.096.390.997	0.56	2.238.246.012	0.86
754	syn_12	15.00	14.00	34.00	0.72	682.555.397	0.33	224.926.414	0.87
755	syn_12	11.70	13.00	34.00	0.28	1.026.670.677	0.46	400.626.666	1.51
756	syn_12	12.80	13.10	34.00	0.62	925.552.032	0.42	342.771.250	1.67
757	syn_12	10.00	11.80	35.00	113.919.458	1.403.286.008	0.68	653.670.004	2.67
758	syn_12	9.00	11.50	34.00	7777.00	928.442.401	0.25	193.721.117	2.78
759	syn_12	13.70	12.20	34.00	0.31	669.121.430	7777.00	149.546.708	2.95
760	syn_12	13.50	12.00	34.00	0.45	786.365.667	7777.00	157.456.749	3.23
761	syn_12	9.50	11.30	34.00	0.34	697.263.111	7777.00	140.486.230	3.02
762	syn_12	8.70	11.20	35.00	0.35	840.643.114	0.32	368.415.534	2.66
763	syn_13	29.00	20.00	34.00	7777.00	7777.00	7777.00	7777.00	1.23
764	syn_13	24.00	17.00	34.00	7777.00	7777.00	7777.00	7777.00	0.83
765	syn_13	23.00	17.50	34.00	7777.00	7777.00	7777.00	7777.00	0.61
766	syn_13	7777.00	19.00	33.00	7777.00	7777.00	7777.00	7777.00	0.46
767	syn_13	23.50	18.30	7777.00	0.86	2.34	0.07	0.63	0.52
768	syn_13	26.50	13.50	34.00	0.46	2.53	0.10	0.58	0.61
769	syn_13	28.30	11.00	34.00	0.18	6.62	7777.00	1.21	1.02
770	syn_13	25.50	7777.00	7777.00	0.87	7.05	0.33	2.41	1.60
771	syn_13	28.50	13.50	34.00	0.70	6.32	0.19	2.94	1.94
772	syn_13	23.50	11.00	34.00	0.76	5.57	0.21	1.80	2.48
773	syn_13	26.50	11.00	34.00	0.38	4.45	0.24	1.76	2.90
774	syn_13	26.50	12.80	34.00	7777.00	4.11	7777.00	7777.00	3.13
775	syn_13	25.50	13.80	7777.00	0.22	3.99	0.10	0.32	2.48
776	syn_13	20.80	15.80	7777.00	0.27	3.99	7777.00	1.42	2.15
777	syn_13	21.50	19.80	7777.00	0.66	2.89	0.11	0.35	1.36
778	syn_13	23.00	18.50	34.00	1.40	2.11	7777.00	0.63	0.30
779	syn_13	26.80	18.00	34.00	0.61	4.22	7777.00	7777.00	0.30
780	syn_13	21.50	17.80	34.00	0.14	4.58	7777.00	1.48	0.17
781	syn_13	30.50	14.50	34.00	0.14	5.00	0.16	2.41	0.53
782	syn_13	21.50	16.50	34.00	0.53	3.45	7777.00	5.11	1.10
783	syn_13	25.50	18.80	34.00	0.15	2.76	7777.00	7777.00	1.85
784	syn_13	20.30	19.30	34.00	0.65	3.89	0.07	6.67	2.46
785	syn_13	19.50	18.80	34.00	0.07	4.24	7777.00	7.36	2.81
786	syn_13	7777.00	7777.00	34.00	7777.00	3.03	7777.00	1.25	3.00
787	syn_13	17.80	7777.00	34.00	0.27	4.22	0.06	7777.00	2.85
788	syn_13	21.30	17.80	34.00	7777.00	8.45	7777.00	1.25	1.60
789	syn_13	23.00	18.00	34.00	7777.00	7.18	0.08	0.88	1.54
790	syn_13	28.90	18.60	34.00	0.30	9.61	0.17	5.34	1.34
791	syn_13	24.80	16.80	34.00	0.57	8.14	0.12	0.78	1.56
792	syn_13	22.80	16.00	34.00	1.33	9.56	0.23	2.85	2.28
793	syn_13	24.50	15.30	34.00	7777.00	9.81	7777.00	7777.00	2.99
794	syn_13	22.30	15.30	7777.00	0.22	7.86	0.21	2.08	3.23
795	syn_13	24.50	14.00	35.00	0.45	9.79	0.50	6.28	3.54
796	syn_13	22.00	16.00	34.00	7777.00	3.62	7777.00	7777.00	3.23
797	syn_13	18.30	14.50	34.00	0.14	9.17	0.21	11.97	2.31
798	syn_13	16.60	15.30	34.00	0.74	4.10	7777.00	2.22	0.91
799	syn_13	18.30	16.00	34.00	7777.00	2.15	7777.00	1.27	0.72
800	syn_13	21.30	16.20	34.00	0.21	5.67	7777.00	8.75	0.43
801	syn_13	21.30	16.20	34.00	0.21	5.67	7777.00	8.75	0.43
802	syn_13	19.70	15.40	35.00	1.41	8.60	0.22	1.64	1.02
803	syn_13	15.80	15.00	7777.00	0.65	8.22	0.19	3.36	1.84
804	syn_13	18.40	16.50	34.00	0.08	4.18	0.10	3.36	1.78
805	syn_13	19.30	16.00	34.00	0.52	5.14	0.12	0.93	2.50
806	syn_13	17.00	16.50	34.00	7777.00	2.48	7777.00	7777.00	2.90
807	syn_13	16.80	16.30	35.00	7777.00	4.55	7777.00	0.80	2.91
808	syn_13	24.50	16.10	34.00	0.12	5.69	7777.00	0.98	2.61
809	syn_13	21.80	16.80	34.00	0.11	5.75	0.21	2.42	2.51
810	syn_13	23.00	15.80	35.00	0.10	3.43	0.08	0.37	2.64
811	syn_13	24.50	15.40	34.00	7777.00	388.553.437	0.14	1.380.458.067	2.51
812	syn_13	19.50	15.60	34.00	7777.00	368.516.943	7777.00	0.40	1.56
813	syn_13	23.50	16.10	34.00	7777.00	308.472.192	0.06	0.25	1.63
814	syn_13	23.40	15.80	7777.00	0.64	314.520.666	0.08	0.21	0.86
815	syn_13	24.00	13.60	34.00	7777.00	929.448.892	0.36	479.394.157	0.77
816	syn_13	16.50	15.00	37.00	0.46	747.316.924	7777.00	340.940.811	0.69
817	syn_13	12.80	14.80	35.00	7777.00	560.788.915	0.22	194.980.151	1.90
818	syn_13	13.30	14.20	34.00	7777.00	335.568.200	7777.00	7777.00	2.10
820	syn_13	15.00	15.00	34.00	0.59	473.112.511	0.29	335.872.437	3.60
821	syn_13	12.00	14.80	34.00	0.34	425.226.139	0.07	107.608.610	3.43
822	syn_13	16.00	14.90	35.00	0.56	460.514.160	7777.00	0.78	2.76
823	syn_13	15.00	15.00	34.00	0.22	747.205.437	0.37	403.130.774	2.00
824	syn_13	15.70	15.00	34.00	0.27	568.920.077	7777.00	0.63	2.22
826	syn_13	13.50	14.20	34.00	0.50	802.320.554	0.32	643.173.978	0.61
827	syn_13	15.00	14.00	34.00	0.72	682.555.397	0.33	224.926.414	0.87
829	syn_13	11.70	13.00	34.00	0.28	1.026.670.677	0.46	400.626.666	1.51
830	syn_13	13.70	12.20	34.00	0.31	669.121.430	7777.00	149.546.708	2.95
831	syn_13	9.50	11.30	34.00	0.34	697.263.111	7777.00	140.486.230	3.02
832	syn_13	8.70	11.20	35.00	0.35	840.643.114	0.32	368.415.534	2.66
834	syn_14	21.00	20.00	33.00	7777.00	7777.00	7777.00	7777.00	1.95
835	syn_14	26.00	17.00	34.00	7777.00	7777.00	7777.00	7777.00	1.59
836	syn_14	24.00	17.00	34.00	7777.00	7777.00	7777.00	7777.00	0.83
837	syn_14	23.50	18.30	7777.00	0.86	2.34	0.07	0.63	0.52
838	syn_14	28.30	11.00	34.00	0.18	6.62	7777.00	1.21	1.02
839	syn_14	26.50	12.80	34.00	7777.00	4.11	7777.00	7777.00	3.13
840	syn_14	25.50	13.80	7777.00	0.22	3.99	0.10	0.32	2.48
841	syn_14	20.80	15.80	7777.00	0.27	3.99	7777.00	1.42	2.15
842	syn_14	21.50	19.80	7777.00	0.66	2.89	0.11	0.35	1.36
843	syn_14	23.00	18.50	34.00	1.40	2.11	7777.00	0.63	0.30
844	syn_14	26.80	18.00	34.00	0.61	4.22	7777.00	7777.00	0.30
845	syn_14	21.50	17.80	34.00	0.14	4.58	7777.00	1.48	0.17
846	syn_14	30.50	14.50	34.00	0.14	5.00	0.16	2.41	0.53
847	syn_14	20.30	19.30	34.00	0.65	3.89	0.07	6.67	2.46
848	syn_14	31.00	20.80	34.00	0.47	6.42	0.18	2.14	0.75
849	syn_14	22.80	16.00	34.00	1.33	9.56	0.23	2.85	2.28
850	syn_14	22.00	16.00	34.00	7777.00	3.62	7777.00	7777.00	3.23
851	syn_14	15.80	15.00	7777.00	0.65	8.22	0.19	3.36	1.84
852	syn_14	18.40	16.50	34.00	0.08	4.18	0.10	3.36	1.78
853	syn_14	24.00	13.60	34.00	7777.00	929.448.892	0.36	479.394.157	0.77
854	syn_14	16.50	15.00	37.00	0.46	747.316.924	7777.00	340.940.811	0.69
855	syn_14	12.80	14.80	35.00	7777.00	560.788.915	0.22	194.980.151	1.90
856	syn_14	13.30	14.20	34.00	7777.00	335.568.200	7777.00	7777.00	2.10
858	syn_14	15.00	15.00	34.00	0.59	473.112.511	0.29	335.872.437	3.60
859	syn_14	12.00	14.80	34.00	0.34	425.226.139	0.07	107.608.610	3.43
860	syn_14	16.00	14.90	35.00	0.56	460.514.160	7777.00	0.78	2.76
861	syn_14	15.00	15.00	34.00	0.22	747.205.437	0.37	403.130.774	2.00
862	syn_14	15.70	15.00	34.00	0.27	568.920.077	7777.00	0.63	2.22
864	syn_14	13.00	14.30	34.00	101.936.349	1.096.390.997	0.56	2.238.246.012	0.86
865	syn_14	13.50	14.20	34.00	0.50	802.320.554	0.32	643.173.978	0.61
866	syn_14	15.00	14.00	34.00	0.72	682.555.397	0.33	224.926.414	0.87
868	syn_14	11.70	13.00	34.00	0.28	1.026.670.677	0.46	400.626.666	1.51
869	syn_14	12.80	13.10	34.00	0.62	925.552.032	0.42	342.771.250	1.67
870	syn_14	10.00	11.80	35.00	113.919.458	1.403.286.008	0.68	653.670.004	2.67
871	syn_14	9.00	11.50	34.00	7777.00	928.442.401	0.25	193.721.117	2.78
872	syn_14	13.70	12.20	34.00	0.31	669.121.430	7777.00	149.546.708	2.95
873	syn_14	13.50	12.00	34.00	0.45	786.365.667	7777.00	157.456.749	3.23
874	syn_14	9.50	11.30	34.00	0.34	697.263.111	7777.00	140.486.230	3.02
875	syn_14	8.70	11.20	35.00	0.35	840.643.114	0.32	368.415.534	2.66
876	syn_15	28.30	11.00	34.00	0.18	6.62	7777.00	1.21	1.02
877	syn_15	25.50	7777.00	7777.00	0.87	7.05	0.33	2.41	1.60
878	syn_15	25.50	13.80	7777.00	0.22	3.99	0.10	0.32	2.48
879	syn_15	19.50	18.80	34.00	0.07	4.24	7777.00	7.36	2.81
880	syn_15	24.50	14.00	35.00	0.45	9.79	0.50	6.28	3.54
881	syn_15	22.00	16.00	34.00	7777.00	3.62	7777.00	7777.00	3.23
882	syn_15	18.30	14.50	34.00	0.14	9.17	0.21	11.97	2.31
883	syn_15	16.60	15.30	34.00	0.74	4.10	7777.00	2.22	0.91
884	syn_15	18.30	16.00	34.00	7777.00	2.15	7777.00	1.27	0.72
885	syn_15	19.70	15.40	35.00	1.41	8.60	0.22	1.64	1.02
886	syn_15	15.80	15.00	7777.00	0.65	8.22	0.19	3.36	1.84
887	syn_15	18.40	16.50	34.00	0.08	4.18	0.10	3.36	1.78
888	syn_15	19.30	16.00	34.00	0.52	5.14	0.12	0.93	2.50
889	syn_15	17.00	16.50	34.00	7777.00	2.48	7777.00	7777.00	2.90
890	syn_15	23.40	15.80	7777.00	0.64	314.520.666	0.08	0.21	0.86
891	syn_15	24.00	13.60	34.00	7777.00	929.448.892	0.36	479.394.157	0.77
892	syn_15	16.50	15.00	37.00	0.46	747.316.924	7777.00	340.940.811	0.69
893	syn_15	12.80	14.80	35.00	7777.00	560.788.915	0.22	194.980.151	1.90
894	syn_15	13.30	14.20	34.00	7777.00	335.568.200	7777.00	7777.00	2.10
896	syn_15	15.00	15.00	34.00	0.59	473.112.511	0.29	335.872.437	3.60
897	syn_15	12.00	14.80	34.00	0.34	425.226.139	0.07	107.608.610	3.43
898	syn_15	16.00	14.90	35.00	0.56	460.514.160	7777.00	0.78	2.76
899	syn_15	15.00	15.00	34.00	0.22	747.205.437	0.37	403.130.774	2.00
900	syn_15	15.70	15.00	34.00	0.27	568.920.077	7777.00	0.63	2.22
902	syn_15	13.00	14.30	34.00	101.936.349	1.096.390.997	0.56	2.238.246.012	0.86
903	syn_15	13.50	14.20	34.00	0.50	802.320.554	0.32	643.173.978	0.61
904	syn_15	15.00	14.00	34.00	0.72	682.555.397	0.33	224.926.414	0.87
906	syn_15	11.70	13.00	34.00	0.28	1.026.670.677	0.46	400.626.666	1.51
907	syn_15	12.80	13.10	34.00	0.62	925.552.032	0.42	342.771.250	1.67
908	syn_15	10.00	11.80	35.00	113.919.458	1.403.286.008	0.68	653.670.004	2.67
909	syn_15	9.00	11.50	34.00	7777.00	928.442.401	0.25	193.721.117	2.78
910	syn_15	13.70	12.20	34.00	0.31	669.121.430	7777.00	149.546.708	2.95
911	syn_15	13.50	12.00	34.00	0.45	786.365.667	7777.00	157.456.749	3.23
912	syn_15	9.50	11.30	34.00	0.34	697.263.111	7777.00	140.486.230	3.02
913	syn_15	8.70	11.20	35.00	0.35	840.643.114	0.32	368.415.534	2.66
914	syn_16	18.30	16.00	34.00	7777.00	2.15	7777.00	1.27	0.72
915	syn_16	21.30	16.20	34.00	0.21	5.67	7777.00	8.75	0.43
916	syn_16	21.30	16.20	34.00	0.21	5.67	7777.00	8.75	0.43
917	syn_16	19.70	15.40	35.00	1.41	8.60	0.22	1.64	1.02
918	syn_16	15.80	15.00	7777.00	0.65	8.22	0.19	3.36	1.84
919	syn_16	18.40	16.50	34.00	0.08	4.18	0.10	3.36	1.78
920	syn_16	19.30	16.00	34.00	0.52	5.14	0.12	0.93	2.50
921	syn_16	17.00	16.50	34.00	7777.00	2.48	7777.00	7777.00	2.90
922	syn_16	16.80	16.30	35.00	7777.00	4.55	7777.00	0.80	2.91
923	syn_16	24.50	16.10	34.00	0.12	5.69	7777.00	0.98	2.61
924	syn_16	21.80	16.80	34.00	0.11	5.75	0.21	2.42	2.51
925	syn_16	23.00	15.80	35.00	0.10	3.43	0.08	0.37	2.64
926	syn_16	24.50	15.40	34.00	7777.00	388.553.437	0.14	1.380.458.067	2.51
927	syn_16	23.40	15.80	7777.00	0.64	314.520.666	0.08	0.21	0.86
928	syn_16	20.50	16.60	34.00	7777.00	491.676.702	7777.00	398.961.658	0.70
929	syn_16	24.00	13.60	34.00	7777.00	929.448.892	0.36	479.394.157	0.77
930	syn_16	16.50	15.00	37.00	0.46	747.316.924	7777.00	340.940.811	0.69
931	syn_16	12.80	14.80	35.00	7777.00	560.788.915	0.22	194.980.151	1.90
932	syn_16	13.30	14.20	34.00	7777.00	335.568.200	7777.00	7777.00	2.10
934	syn_16	15.00	15.00	34.00	0.59	473.112.511	0.29	335.872.437	3.60
935	syn_16	12.00	14.80	34.00	0.34	425.226.139	0.07	107.608.610	3.43
936	syn_16	16.00	14.90	35.00	0.56	460.514.160	7777.00	0.78	2.76
937	syn_16	15.00	15.00	34.00	0.22	747.205.437	0.37	403.130.774	2.00
938	syn_16	15.70	15.00	34.00	0.27	568.920.077	7777.00	0.63	2.22
940	syn_16	13.00	14.30	34.00	101.936.349	1.096.390.997	0.56	2.238.246.012	0.86
941	syn_16	13.50	14.20	34.00	0.50	802.320.554	0.32	643.173.978	0.61
942	syn_16	15.00	14.00	34.00	0.72	682.555.397	0.33	224.926.414	0.87
944	syn_16	11.70	13.00	34.00	0.28	1.026.670.677	0.46	400.626.666	1.51
945	syn_16	12.80	13.10	34.00	0.62	925.552.032	0.42	342.771.250	1.67
946	syn_16	10.00	11.80	35.00	113.919.458	1.403.286.008	0.68	653.670.004	2.67
947	syn_16	9.00	11.50	34.00	7777.00	928.442.401	0.25	193.721.117	2.78
948	syn_16	13.70	12.20	34.00	0.31	669.121.430	7777.00	149.546.708	2.95
949	syn_16	13.50	12.00	34.00	0.45	786.365.667	7777.00	157.456.749	3.23
950	syn_16	9.50	11.30	34.00	0.34	697.263.111	7777.00	140.486.230	3.02
951	syn_16	8.70	11.20	35.00	0.35	840.643.114	0.32	368.415.534	2.66
952	syn_17	23.50	18.30	7777.00	0.86	2.34	0.07	0.63	0.52
953	syn_17	23.00	18.50	34.00	1.40	2.11	7777.00	0.63	0.30
954	syn_17	26.80	18.00	34.00	0.61	4.22	7777.00	7777.00	0.30
955	syn_17	21.50	17.80	34.00	0.14	4.58	7777.00	1.48	0.17
956	syn_17	30.50	14.50	34.00	0.14	5.00	0.16	2.41	0.53
957	syn_17	25.50	18.80	34.00	0.15	2.76	7777.00	7777.00	1.85
958	syn_17	20.30	19.30	34.00	0.65	3.89	0.07	6.67	2.46
959	syn_17	19.50	18.80	34.00	0.07	4.24	7777.00	7.36	2.81
960	syn_17	7777.00	7777.00	34.00	7777.00	3.03	7777.00	1.25	3.00
961	syn_17	17.80	7777.00	34.00	0.27	4.22	0.06	7777.00	2.85
962	syn_17	7777.00	7777.00	32.00	0.47	5.22	0.29	1.72	2.83
963	syn_17	31.00	20.80	34.00	0.47	6.42	0.18	2.14	0.75
964	syn_17	24.50	15.30	34.00	7777.00	9.81	7777.00	7777.00	2.99
965	syn_17	22.30	15.30	7777.00	0.22	7.86	0.21	2.08	3.23
966	syn_17	24.50	14.00	35.00	0.45	9.79	0.50	6.28	3.54
967	syn_17	22.00	16.00	34.00	7777.00	3.62	7777.00	7777.00	3.23
968	syn_17	18.30	14.50	34.00	0.14	9.17	0.21	11.97	2.31
969	syn_17	16.60	15.30	34.00	0.74	4.10	7777.00	2.22	0.91
970	syn_17	18.30	16.00	34.00	7777.00	2.15	7777.00	1.27	0.72
971	syn_17	21.30	16.20	34.00	0.21	5.67	7777.00	8.75	0.43
972	syn_17	21.30	16.20	34.00	0.21	5.67	7777.00	8.75	0.43
973	syn_17	19.70	15.40	35.00	1.41	8.60	0.22	1.64	1.02
974	syn_17	15.80	15.00	7777.00	0.65	8.22	0.19	3.36	1.84
975	syn_17	18.40	16.50	34.00	0.08	4.18	0.10	3.36	1.78
976	syn_17	19.30	16.00	34.00	0.52	5.14	0.12	0.93	2.50
977	syn_17	17.00	16.50	34.00	7777.00	2.48	7777.00	7777.00	2.90
978	syn_17	16.80	16.30	35.00	7777.00	4.55	7777.00	0.80	2.91
979	syn_17	24.50	16.10	34.00	0.12	5.69	7777.00	0.98	2.61
980	syn_17	21.80	16.80	34.00	0.11	5.75	0.21	2.42	2.51
981	syn_17	23.00	15.80	35.00	0.10	3.43	0.08	0.37	2.64
982	syn_17	24.50	15.40	34.00	7777.00	388.553.437	0.14	1.380.458.067	2.51
983	syn_17	19.50	15.60	34.00	7777.00	368.516.943	7777.00	0.40	1.56
984	syn_17	16.00	16.10	34.00	7777.00	192.760.767	7777.00	0.64	1.42
985	syn_17	23.50	16.10	34.00	7777.00	308.472.192	0.06	0.25	1.63
986	syn_17	23.40	15.80	7777.00	0.64	314.520.666	0.08	0.21	0.86
987	syn_17	20.50	16.60	34.00	7777.00	491.676.702	7777.00	398.961.658	0.70
988	syn_17	24.00	13.60	34.00	7777.00	929.448.892	0.36	479.394.157	0.77
989	syn_17	16.50	15.00	37.00	0.46	747.316.924	7777.00	340.940.811	0.69
990	syn_17	12.80	14.80	35.00	7777.00	560.788.915	0.22	194.980.151	1.90
991	syn_17	13.30	14.20	34.00	7777.00	335.568.200	7777.00	7777.00	2.10
993	syn_17	15.00	15.00	34.00	0.59	473.112.511	0.29	335.872.437	3.60
994	syn_17	12.00	14.80	34.00	0.34	425.226.139	0.07	107.608.610	3.43
995	syn_17	16.00	14.90	35.00	0.56	460.514.160	7777.00	0.78	2.76
996	syn_17	15.00	15.00	34.00	0.22	747.205.437	0.37	403.130.774	2.00
997	syn_17	13.50	14.20	34.00	0.50	802.320.554	0.32	643.173.978	0.61
999	syn_17	11.70	13.00	34.00	0.28	1.026.670.677	0.46	400.626.666	1.51
1000	syn_17	12.80	13.10	34.00	0.62	925.552.032	0.42	342.771.250	1.67
1001	syn_17	10.00	11.80	35.00	113.919.458	1.403.286.008	0.68	653.670.004	2.67
1002	syn_17	9.00	11.50	34.00	7777.00	928.442.401	0.25	193.721.117	2.78
1003	syn_17	13.70	12.20	34.00	0.31	669.121.430	7777.00	149.546.708	2.95
1004	syn_17	13.50	12.00	34.00	0.45	786.365.667	7777.00	157.456.749	3.23
1005	syn_17	9.50	11.30	34.00	0.34	697.263.111	7777.00	140.486.230	3.02
1006	syn_20	18.30	16.00	34.00	7777.00	2.15	7777.00	1.27	0.72
1007	syn_20	21.30	16.20	34.00	0.21	5.67	7777.00	8.75	0.43
1008	syn_20	17.00	16.50	34.00	7777.00	2.48	7777.00	7777.00	7777.00
1009	syn_20	16.80	16.30	35.00	7777.00	4.55	7777.00	0.80	7777.00
1010	syn_20	23.00	15.80	35.00	0.10	3.43	0.08	0.37	2.64
1011	syn_20	23.40	15.80	7777.00	0.64	314.520.666	0.08	0.21	0.86
1012	syn_20	24.00	13.60	34.00	7777.00	929.448.892	0.36	479.394.157	0.77
1013	syn_20	12.80	14.80	35.00	7777.00	560.788.915	0.22	194.980.151	1.90
1014	syn_20	13.30	14.20	34.00	7777.00	335.568.200	7777.00	7777.00	2.10
1015	syn_20	15.00	15.00	34.00	0.59	473.112.511	0.29	335.872.437	3.60
1016	syn_20	12.00	14.80	34.00	0.34	425.226.139	0.07	107.608.610	3.43
1017	syn_20	16.00	14.90	35.00	0.56	460.514.160	7777.00	0.78	2.76
1018	syn_20	15.00	15.00	34.00	0.22	747.205.437	0.37	403.130.774	2.00
1019	syn_20	15.70	15.00	34.00	0.27	568.920.077	7777.00	0.63	2.22
1021	syn_20	13.00	14.30	34.00	101.936.349	1.096.390.997	0.56	2.238.246.012	0.86
1022	syn_20	13.50	14.20	34.00	0.50	802.320.554	0.32	643.173.978	0.61
1023	syn_20	15.00	14.00	34.00	0.72	682.555.397	0.33	224.926.414	0.87
1025	syn_20	11.70	13.00	34.00	0.28	1.026.670.677	0.46	400.626.666	1.51
1026	syn_20	12.80	13.10	34.00	0.62	925.552.032	0.42	342.771.250	1.67
1027	syn_20	10.00	11.80	35.00	113.919.458	1.403.286.008	0.68	653.670.004	2.67
1028	syn_20	9.00	11.50	34.00	7777.00	928.442.401	0.25	193.721.117	2.78
1029	syn_20	13.70	12.20	34.00	0.31	669.121.430	7777.00	149.546.708	2.95
1030	syn_20	13.50	12.00	34.00	0.45	786.365.667	7777.00	157.456.749	3.23
1031	syn_20	9.50	11.30	34.00	0.34	697.263.111	7777.00	140.486.230	3.02
1032	syn_20	8.70	11.20	35.00	0.35	840.643.114	0.32	368.415.534	2.66
1033	syn_21	24.00	17.00	34.00	7777.00	7777.00	7777.00	7777.00	0.83
1034	syn_21	23.50	18.30	7777.00	0.86	2.34	0.07	0.63	0.52
1035	syn_21	26.50	13.50	34.00	0.46	2.53	0.10	0.58	0.61
1036	syn_21	28.50	13.50	34.00	0.70	6.32	0.19	2.94	1.94
1037	syn_21	23.50	11.00	34.00	0.76	5.57	0.21	1.80	2.48
1038	syn_21	26.50	11.00	34.00	0.38	4.45	0.24	1.76	2.90
1039	syn_21	26.50	12.80	34.00	7777.00	4.11	7777.00	7777.00	3.13
1040	syn_21	25.50	13.80	7777.00	0.22	3.99	0.10	0.32	2.48
1041	syn_21	21.50	19.80	7777.00	0.66	2.89	0.11	0.35	1.36
1042	syn_21	21.50	17.80	34.00	0.14	4.58	7777.00	1.48	0.17
1043	syn_21	30.50	14.50	34.00	0.14	5.00	0.16	2.41	0.53
1044	syn_21	21.50	16.50	34.00	0.53	3.45	7777.00	5.11	1.10
1045	syn_21	25.50	18.80	34.00	0.15	2.76	7777.00	7777.00	1.85
1046	syn_21	20.30	19.30	34.00	0.65	3.89	0.07	6.67	2.46
1047	syn_21	19.50	18.80	34.00	0.07	4.24	7777.00	7.36	2.81
1048	syn_21	7777.00	7777.00	34.00	7777.00	3.03	7777.00	1.25	3.00
1049	syn_21	17.80	7777.00	34.00	0.27	4.22	0.06	7777.00	2.85
1050	syn_21	23.00	17.80	34.00	0.22	7.12	0.26	3.91	1.85
1051	syn_21	21.30	17.80	34.00	7777.00	8.45	7777.00	1.25	1.60
1052	syn_21	23.00	18.00	34.00	7777.00	7.18	0.08	0.88	1.54
1053	syn_21	28.30	20.00	34.00	7777.00	8.70	0.08	2.35	0.92
1054	syn_21	27.50	20.00	7777.00	0.67	8.38	7777.00	1.27	0.71
1055	syn_21	31.00	20.80	34.00	0.47	6.42	0.18	2.14	0.75
1056	syn_21	24.80	16.80	34.00	0.57	8.14	0.12	0.78	1.56
1057	syn_21	24.50	15.30	34.00	7777.00	9.81	7777.00	7777.00	2.99
1058	syn_21	22.30	15.30	7777.00	0.22	7.86	0.21	2.08	3.23
1059	syn_21	22.00	16.00	34.00	7777.00	3.62	7777.00	7777.00	3.23
1060	syn_21	18.30	16.00	34.00	7777.00	2.15	7777.00	1.27	0.72
1061	syn_21	21.30	16.20	34.00	0.21	5.67	7777.00	8.75	0.43
1062	syn_21	19.70	15.40	35.00	1.41	8.60	0.22	1.64	1.02
1063	syn_21	15.80	15.00	7777.00	0.65	8.22	0.19	3.36	1.84
1064	syn_21	18.40	16.50	34.00	0.08	4.18	0.10	3.36	1.78
1065	syn_21	21.80	16.80	34.00	0.11	5.75	0.21	2.42	2.51
1066	syn_21	23.00	15.80	35.00	0.10	3.43	0.08	0.37	2.64
1067	syn_21	24.50	15.40	34.00	7777.00	388.553.437	0.14	1.380.458.067	2.51
1068	syn_21	19.50	15.60	34.00	7777.00	368.516.943	7777.00	0.40	1.56
1069	syn_21	16.00	16.10	34.00	7777.00	192.760.767	7777.00	0.64	1.42
1070	syn_21	23.50	16.10	34.00	7777.00	308.472.192	0.06	0.25	1.63
1071	syn_21	23.40	15.80	7777.00	0.64	314.520.666	0.08	0.21	0.86
1072	syn_21	16.50	15.00	37.00	0.46	747.316.924	7777.00	340.940.811	0.69
1073	syn_21	12.80	14.80	35.00	7777.00	560.788.915	0.22	194.980.151	1.90
1074	syn_21	13.30	14.20	34.00	7777.00	335.568.200	7777.00	7777.00	2.10
1076	syn_21	15.00	15.00	34.00	0.59	473.112.511	0.29	335.872.437	3.60
1077	syn_21	12.00	14.80	34.00	0.34	425.226.139	0.07	107.608.610	3.43
1078	syn_21	16.00	14.90	35.00	0.56	460.514.160	7777.00	0.78	2.76
1079	syn_21	15.00	15.00	34.00	0.22	747.205.437	0.37	403.130.774	2.00
1080	syn_21	15.70	15.00	34.00	0.27	568.920.077	7777.00	0.63	2.22
1082	syn_21	13.00	14.30	34.00	101.936.349	1.096.390.997	0.56	2.238.246.012	0.86
1083	syn_21	13.50	14.20	34.00	0.50	802.320.554	0.32	643.173.978	0.61
1084	syn_21	15.00	14.00	34.00	0.72	682.555.397	0.33	224.926.414	0.87
1086	syn_21	11.70	13.00	34.00	0.28	1.026.670.677	0.46	400.626.666	1.51
1087	syn_21	12.80	13.10	34.00	0.62	925.552.032	0.42	342.771.250	1.67
1088	syn_21	10.00	11.80	35.00	113.919.458	1.403.286.008	0.68	653.670.004	2.67
1089	syn_21	9.00	11.50	34.00	7777.00	928.442.401	0.25	193.721.117	2.78
1090	syn_21	13.70	12.20	34.00	0.31	669.121.430	7777.00	149.546.708	2.95
1091	syn_21	9.50	11.30	34.00	0.34	697.263.111	7777.00	140.486.230	3.02
1092	syn_21	8.70	11.20	35.00	0.35	840.643.114	0.32	368.415.534	2.66
1093	syn_23	20.30	19.30	34.00	0.65	3.89	0.07	6.67	2.46
1094	syn_23	19.50	18.80	34.00	0.07	4.24	7777.00	7.36	2.81
1095	syn_23	17.80	7777.00	34.00	0.27	4.22	0.06	7777.00	2.85
1096	syn_23	7777.00	7777.00	32.00	0.47	5.22	0.29	1.72	2.83
1097	syn_23	23.00	17.80	34.00	0.22	7.12	0.26	3.91	1.85
1098	syn_23	21.30	17.80	34.00	7777.00	8.45	7777.00	1.25	1.60
1099	syn_23	23.00	18.00	34.00	7777.00	7.18	0.08	0.88	1.54
1100	syn_23	28.90	18.60	34.00	0.30	9.61	0.17	5.34	1.34
1101	syn_23	28.30	20.00	34.00	7777.00	8.70	0.08	2.35	0.92
1102	syn_23	31.80	20.00	34.00	0.40	8.29	0.16	1.64	0.82
1103	syn_23	27.50	20.00	7777.00	0.67	8.38	7777.00	1.27	0.71
1104	syn_23	31.00	20.80	34.00	0.47	6.42	0.18	2.14	0.75
1105	syn_23	24.80	16.80	34.00	0.57	8.14	0.12	0.78	1.56
1106	syn_23	22.80	16.00	34.00	1.33	9.56	0.23	2.85	2.28
1107	syn_23	24.50	15.30	34.00	7777.00	9.81	7777.00	7777.00	2.99
1108	syn_23	22.30	15.30	7777.00	0.22	7.86	0.21	2.08	3.23
1109	syn_23	18.30	16.00	34.00	7777.00	2.15	7777.00	1.27	0.72
1110	syn_23	21.30	16.20	34.00	0.21	5.67	7777.00	8.75	0.43
1111	syn_23	21.30	16.20	34.00	0.21	5.67	7777.00	8.75	0.43
1112	syn_23	19.70	15.40	35.00	1.41	8.60	0.22	1.64	1.02
1113	syn_23	15.80	15.00	7777.00	0.65	8.22	0.19	3.36	1.84
1114	syn_23	18.40	16.50	34.00	0.08	4.18	0.10	3.36	1.78
1115	syn_23	19.30	16.00	34.00	0.52	5.14	0.12	0.93	2.50
1116	syn_23	17.00	16.50	34.00	7777.00	2.48	7777.00	7777.00	2.90
1117	syn_23	16.80	16.30	35.00	7777.00	4.55	7777.00	0.80	2.91
1118	syn_23	24.50	16.10	34.00	0.12	5.69	7777.00	0.98	2.61
1119	syn_23	21.80	16.80	34.00	0.11	5.75	0.21	2.42	2.51
1120	syn_23	23.00	15.80	35.00	0.10	3.43	0.08	0.37	2.64
1121	syn_23	16.00	16.10	34.00	7777.00	192.760.767	7777.00	0.64	1.42
1122	syn_23	23.40	15.80	7777.00	0.64	314.520.666	0.08	0.21	0.86
1123	syn_23	16.50	15.00	37.00	0.46	747.316.924	7777.00	340.940.811	0.69
1124	syn_23	12.80	14.80	35.00	7777.00	560.788.915	0.22	194.980.151	1.90
1125	syn_23	13.30	14.20	34.00	7777.00	335.568.200	7777.00	7777.00	2.10
1126	syn_23	12.00	14.80	34.00	0.34	425.226.139	0.07	107.608.610	3.43
1127	syn_23	16.00	14.90	35.00	0.56	460.514.160	7777.00	0.78	2.76
1128	syn_23	15.00	15.00	34.00	0.22	747.205.437	0.37	403.130.774	2.00
1130	syn_23	13.00	14.30	34.00	101.936.349	1.096.390.997	0.56	2.238.246.012	0.86
1131	syn_23	13.50	14.20	34.00	0.50	802.320.554	0.32	643.173.978	0.61
1132	syn_23	15.00	14.00	34.00	0.72	682.555.397	0.33	224.926.414	0.87
1134	syn_23	11.70	13.00	34.00	0.28	1.026.670.677	0.46	400.626.666	1.51
1135	syn_23	12.80	13.10	34.00	0.62	925.552.032	0.42	342.771.250	1.67
1136	syn_23	10.00	11.80	35.00	113.919.458	1.403.286.008	0.68	653.670.004	2.67
1137	syn_23	9.00	11.50	34.00	7777.00	928.442.401	0.25	193.721.117	2.78
1138	syn_23	13.70	12.20	34.00	0.31	669.121.430	7777.00	149.546.708	2.95
1139	syn_23	13.50	12.00	34.00	0.45	786.365.667	7777.00	157.456.749	3.23
1140	syn_23	9.50	11.30	34.00	0.34	697.263.111	7777.00	140.486.230	3.02
1141	syn_23	8.70	11.20	35.00	0.35	840.643.114	0.32	368.415.534	2.66
1143	syn_25	17.00	16.50	34.00	7777.00	2.48	7777.00	7777.00	2.90
1144	syn_25	16.80	16.30	35.00	7777.00	4.55	7777.00	0.80	2.91
1145	syn_25	24.50	16.10	34.00	0.12	5.69	7777.00	0.98	2.61
1146	syn_25	21.80	16.80	34.00	0.11	5.75	0.21	2.42	2.51
1147	syn_25	23.00	15.80	35.00	0.10	3.43	0.08	0.37	2.64
1148	syn_25	24.50	15.40	34.00	7777.00	388.553.437	0.14	1.380.458.067	2.51
1149	syn_25	19.50	15.60	34.00	7777.00	368.516.943	7777.00	0.40	1.56
1150	syn_25	16.00	16.10	34.00	7777.00	192.760.767	7777.00	0.64	1.42
1151	syn_25	23.50	16.10	34.00	7777.00	308.472.192	0.06	0.25	1.63
1152	syn_25	23.40	15.80	7777.00	0.64	314.520.666	0.08	0.21	0.86
1153	syn_25	20.50	16.60	34.00	7777.00	491.676.702	7777.00	398.961.658	0.70
1154	syn_25	24.00	13.60	34.00	7777.00	929.448.892	0.36	479.394.157	0.77
1155	syn_25	16.50	15.00	37.00	0.46	747.316.924	7777.00	340.940.811	0.69
1156	syn_25	12.80	14.80	35.00	7777.00	560.788.915	0.22	194.980.151	1.90
1157	syn_25	13.30	14.20	34.00	7777.00	335.568.200	7777.00	7777.00	2.10
1158	syn_25	15.00	15.00	34.00	0.59	473.112.511	0.29	335.872.437	3.60
1159	syn_25	15.00	15.00	34.00	0.22	747.205.437	0.37	403.130.774	2.00
1160	syn_25	15.70	15.00	34.00	0.27	568.920.077	7777.00	0.63	2.22
1162	syn_25	13.50	14.20	34.00	0.50	802.320.554	0.32	643.173.978	0.61
1164	syn_25	11.70	13.00	34.00	0.28	1.026.670.677	0.46	400.626.666	1.51
1165	syn_25	10.00	11.80	35.00	113.919.458	1.403.286.008	0.68	653.670.004	2.67
1166	syn_25	9.00	11.50	34.00	7777.00	928.442.401	0.25	193.721.117	2.78
1167	syn_25	13.70	12.20	34.00	0.31	669.121.430	7777.00	149.546.708	2.95
1168	syn_25	7777.00	11.30	34.00	0.34	697.263.111	7777.00	140.486.230	3.02
1169	syn_25	8.70	11.20	35.00	0.35	840.643.114	0.32	368.415.534	2.66