	species	bio_1	bio_2	bio_4	bio_5	bio_6	bio_7	bio_8	bio_9	bio_10	bio_11
1	species1	0	0.629635295	0.201473507	0.037443942	0.087037844	0.148029274	0.021791914	25.5	24.9	4.3
2	species1	0.110511325	0.581377936	0.214115346	0.042286642	0.088314335	0.122122955	0.053772604	25.3	14.6	5.4
3	species1	0.003960249	0.333461391	0.157366942	0.033133816	0.048502941	0.07920497	0.584965036	22.5	26.1	0.5
4	species1	0.010492943	0.101529726	0.536398774	0.039435879	0.191693741	0.182913088	0.011731466	26.4	24.8	3.8
5	species1	0	0.144354805	0.69044222	0.095033946	0.124284908	0.144118222	0	26.4	25.2	0.5
6	species1	0.04679412	0.273350606	0.217071501	0.015486225	0.121553247	0.064501243	0	27.1	21.3	7.1
7	species1	0.033579238	0.668184646	0.217635604	0.103860678	0.087176772	0.036165946	0	25.3	17.8	2.8
8	species1	0.063613026	0.491428636	0.217868809	0.089737216	0.137321649	0.076070115	0	25.7	25.5	0.1
9	species1	0.033168572	0.452412268	0.190180368	0.082909324	0.084206738	0.045251876	0	23.2	26.2	0
10	species1	0.003068004	0.653405698	0.211981117	0.13809428	0.041616436	0.018661942	0	25.3	17.8	2.8
11	species1	0	0.221237592	0.257301537	0.042069134	0.128341051	0.099722907	0.003060079	22.6	22	5.1
12	species2	0	0.629635295	0.201473507	0.037443942	0.087037844	0.148029274	0.021791914	25.5	24.9	4.3
13	species2	0.110511325	0.581377936	0.214115346	0.042286642	0.088314335	0.122122955	0.053772604	25.3	14.6	5.4
14	species2	0.003960249	0.333461391	0.157366942	0.033133816	0.048502941	0.07920497	0.584965036	22.5	26.1	0.5
15	species2	0.010492943	0.101529726	0.536398774	0.039435879	0.191693741	0.182913088	0.011731466	26.4	24.8	3.8
16	species2	0.005267026	0.179156313	0.403469295	0.057456467	0.09524437	0.248445105	0.223088229	26.7	19.7	6.3
17	species2	0	0.14054612	0.625930476	0.071259711	0.162731346	0.151500225	0	26.5	22.8	5.7
18	species2	0	0.170453853	0.600739272	0.056744967	0.151493261	0.155941566	0	26.4	25.2	0.5
19	species2	0	0.176799274	0.409906166	0.097222476	0.066589374	0.073369034	0.063933106	24	25.9	0.1
20	species2	0	0.16297171	0.678914548	0.03839792	0.168577011	0.188638489	0.007406849	26.5	22.8	5.7
21	species2	0	0.144354805	0.69044222	0.095033946	0.124284908	0.144118222	0	26.4	25.2	0.5
22	species2	0.022452206	0.05110932	0.533339253	0.100637262	0.173650334	0.030274548	0.006769595	27.2	22.5	8.6
23	species2	0.053608271	0.206223176	0.559874072	0.321246739	0.09883629	0.039888591	0.082213686	23	26.5	0.1
24	species2	0.026607941	0.121100586	0.414776745	0.072521022	0.167756682	0.055767966	0	27.2	22.5	8.6
25	species2	0.04679412	0.273350606	0.217071501	0.015486225	0.121553247	0.064501243	0	27.1	21.3	7.1
26	species2	0	0.221237592	0.257301537	0.042069134	0.128341051	0.099722907	0.003060079	22.6	22	5.1
27	species2	0	0.310162438	0.278626619	0.106621432	0.07636979	0.066942884	0	26.3	24.6	0.4
28	species2	0	0.379469788	0.274120208	0.097713494	0.132099731	0.088283775	0	22.7	25.8	0
29	species2	0.041419364	0.25584086	0.384045726	0.114860789	0.165264018	0.097082829	0	22.6	22	2.8
30	species3	0	0.629635295	0.201473507	0.037443942	0.087037844	0.148029274	0.021791914	25.5	24.9	4.3
31	species3	0.110511325	0.581377936	0.214115346	0.042286642	0.088314335	0.122122955	0.053772604	25.3	14.6	5.4
32	species3	0.003960249	0.333461391	0.157366942	0.033133816	0.048502941	0.07920497	0.584965036	22.5	26.1	0.5
33	species3	0.010492943	0.101529726	0.536398774	0.039435879	0.191693741	0.182913088	0.011731466	26.4	24.8	3.8
34	species3	0.005267026	0.179156313	0.403469295	0.057456467	0.09524437	0.248445105	0.223088229	26.7	19.7	6.3
35	species3	0	0.14054612	0.625930476	0.071259711	0.162731346	0.151500225	0	26.5	22.8	5.7
36	species3	0	0.170453853	0.600739272	0.056744967	0.151493261	0.155941566	0	26.4	25.2	0.5
37	species3	0	0.176799274	0.409906166	0.097222476	0.066589374	0.073369034	0.063933106	24	25.9	0.1
38	species3	0	0.16297171	0.678914548	0.03839792	0.168577011	0.188638489	0.007406849	26.5	22.8	5.7
39	species3	0	0.144354805	0.69044222	0.095033946	0.124284908	0.144118222	0	26.4	25.2	0.5
40	species3	0.022452206	0.05110932	0.533339253	0.100637262	0.173650334	0.030274548	0.006769595	27.2	22.5	8.6
41	species3	0.073428324	0.272511898	0.372017982	0.153307299	0.115392635	0.036203509	0.057760819	26.9	25.2	0.3
42	species3	0.053608271	0.206223176	0.559874072	0.321246739	0.09883629	0.039888591	0.082213686	23	26.5	0.1
43	species3	0.026607941	0.121100586	0.414776745	0.072521022	0.167756682	0.055767966	0	27.2	22.5	8.6
44	species3	0.051510558	0.389772811	0.297981924	0.025486708	0.132557461	0.067594566	0	27.1	21.3	7.1
45	species3	0.087969353	0.541188304	0.425395808	0.077118499	0.165876603	0.056149495	0	26.8	25.4	0.1
46	species3	0	0.230919887	0.249615229	0.109538395	0.120903502	0.025288782	0	23.2	26.3	0
47	species3	0.04679412	0.273350606	0.217071501	0.015486225	0.121553247	0.064501243	0	27.1	21.3	7.1
48	species3	0.033579238	0.668184646	0.217635604	0.103860678	0.087176772	0.036165946	0	25.3	17.8	2.8
49	species3	0.063613026	0.491428636	0.217868809	0.089737216	0.137321649	0.076070115	0	25.7	25.5	0.1
50	species3	0.033168572	0.452412268	0.190180368	0.082909324	0.084206738	0.045251876	0	23.2	26.2	0
51	species3	0.003068004	0.653405698	0.211981117	0.13809428	0.041616436	0.018661942	0	25.3	17.8	2.8
52	species3	0	0.221237592	0.257301537	0.042069134	0.128341051	0.099722907	0.003060079	22.6	22	5.1
53	species3	0	0.310162438	0.278626619	0.106621432	0.07636979	0.066942884	0	26.3	24.6	0.4
54	species3	0	0.379469788	0.274120208	0.097713494	0.132099731	0.088283775	0	22.7	25.8	0
55	species3	0.041419364	0.25584086	0.384045726	0.114860789	0.165264018	0.097082829	0	22.6	22	2.8
56	species4	0	0.629635295	0.201473507	0.037443942	0.087037844	0.148029274	0.021791914	25.5	24.9	4.3
57	species4	0.110511325	0.581377936	0.214115346	0.042286642	0.088314335	0.122122955	0.053772604	25.3	14.6	5.4
58	species4	0.003960249	0.333461391	0.157366942	0.033133816	0.048502941	0.07920497	0.584965036	22.5	26.1	0.5
59	species4	0.010492943	0.101529726	0.536398774	0.039435879	0.191693741	0.182913088	0.011731466	26.4	24.8	3.8
60	species4	0.005267026	0.179156313	0.403469295	0.057456467	0.09524437	0.248445105	0.223088229	26.7	19.7	6.3
61	species4	0	0.14054612	0.625930476	0.071259711	0.162731346	0.151500225	0	26.5	22.8	5.7
62	species4	0	0.170453853	0.600739272	0.056744967	0.151493261	0.155941566	0	26.4	25.2	0.5
63	species4	0	0.176799274	0.409906166	0.097222476	0.066589374	0.073369034	0.063933106	24	25.9	0.1
64	species4	0	0.16297171	0.678914548	0.03839792	0.168577011	0.188638489	0.007406849	26.5	22.8	5.7
65	species4	0	0.144354805	0.69044222	0.095033946	0.124284908	0.144118222	0	26.4	25.2	0.5
66	species4	0.022452206	0.05110932	0.533339253	0.100637262	0.173650334	0.030274548	0.006769595	27.2	22.5	8.6
67	species4	0.073428324	0.272511898	0.372017982	0.153307299	0.115392635	0.036203509	0.057760819	26.9	25.2	0.3
68	species4	0.053608271	0.206223176	0.559874072	0.321246739	0.09883629	0.039888591	0.082213686	23	26.5	0.1
69	species4	0	0.230919887	0.249615229	0.109538395	0.120903502	0.025288782	0	23.2	26.3	0
70	species4	0.033168572	0.452412268	0.190180368	0.082909324	0.084206738	0.045251876	0	23.2	26.2	0
71	species4	0	0.221237592	0.257301537	0.042069134	0.128341051	0.099722907	0.003060079	22.6	22	5.1
72	species5	0.003960249	0.333461391	0.157366942	0.033133816	0.048502941	0.07920497	0.584965036	22.5	26.1	0.5
73	species5	0.022452206	0.05110932	0.533339253	0.100637262	0.173650334	0.030274548	0.006769595	27.2	22.5	8.6
74	species5	0.026607941	0.121100586	0.414776745	0.072521022	0.167756682	0.055767966	0	27.2	22.5	8.6
75	species5	0	0.230919887	0.249615229	0.109538395	0.120903502	0.025288782	0	23.2	26.3	0
76	species5	0.04679412	0.273350606	0.217071501	0.015486225	0.121553247	0.064501243	0	27.1	21.3	7.1
77	species5	0.033579238	0.668184646	0.217635604	0.103860678	0.087176772	0.036165946	0	25.3	17.8	2.8
78	species5	0.063613026	0.491428636	0.217868809	0.089737216	0.137321649	0.076070115	0	25.7	25.5	0.1
79	species5	0.033168572	0.452412268	0.190180368	0.082909324	0.084206738	0.045251876	0	23.2	26.2	0
80	species5	0.003068004	0.653405698	0.211981117	0.13809428	0.041616436	0.018661942	0	25.3	17.8	2.8
81	species5	0	0.221237592	0.257301537	0.042069134	0.128341051	0.099722907	0.003060079	22.6	22	5.1
82	species5	0	0.310162438	0.278626619	0.106621432	0.07636979	0.066942884	0	26.3	24.6	0.4
83	species5	0	0.379469788	0.274120208	0.097713494	0.132099731	0.088283775	0	22.7	25.8	0
84	species5	0.041419364	0.25584086	0.384045726	0.114860789	0.165264018	0.097082829	0	22.6	22	2.8
85	species6	0	0.629635295	0.201473507	0.037443942	0.087037844	0.148029274	0.021791914	25.5	24.9	4.3
86	species6	0.110511325	0.581377936	0.214115346	0.042286642	0.088314335	0.122122955	0.053772604	25.3	14.6	5.4
87	species6	0.003960249	0.333461391	0.157366942	0.033133816	0.048502941	0.07920497	0.584965036	22.5	26.1	0.5
88	species6	0.010492943	0.101529726	0.536398774	0.039435879	0.191693741	0.182913088	0.011731466	26.4	24.8	3.8
89	species6	0	0.14054612	0.625930476	0.071259711	0.162731346	0.151500225	0	26.5	22.8	5.7
90	species6	0	0.170453853	0.600739272	0.056744967	0.151493261	0.155941566	0	26.4	25.2	0.5
91	species6	0	0.176799274	0.409906166	0.097222476	0.066589374	0.073369034	0.063933106	24	25.9	0.1
92	species6	0	0.16297171	0.678914548	0.03839792	0.168577011	0.188638489	0.007406849	26.5	22.8	5.7
93	species6	0	0.144354805	0.69044222	0.095033946	0.124284908	0.144118222	0	26.4	25.2	0.5
94	species6	0.022452206	0.05110932	0.533339253	0.100637262	0.173650334	0.030274548	0.006769595	27.2	22.5	8.6
95	species6	0.073428324	0.272511898	0.372017982	0.153307299	0.115392635	0.036203509	0.057760819	26.9	25.2	0.3
96	species6	0.026607941	0.121100586	0.414776745	0.072521022	0.167756682	0.055767966	0	27.2	22.5	8.6
97	species6	0.051510558	0.389772811	0.297981924	0.025486708	0.132557461	0.067594566	0	27.1	21.3	7.1
98	species6	0.087969353	0.541188304	0.425395808	0.077118499	0.165876603	0.056149495	0	26.8	25.4	0.1
99	species6	0	0.230919887	0.249615229	0.109538395	0.120903502	0.025288782	0	23.2	26.3	0
100	species6	0.04679412	0.273350606	0.217071501	0.015486225	0.121553247	0.064501243	0	27.1	21.3	7.1
101	species6	0.033579238	0.668184646	0.217635604	0.103860678	0.087176772	0.036165946	0	25.3	17.8	2.8
102	species6	0.063613026	0.491428636	0.217868809	0.089737216	0.137321649	0.076070115	0	25.7	25.5	0.1
103	species6	0.033168572	0.452412268	0.190180368	0.082909324	0.084206738	0.045251876	0	23.2	26.2	0
104	species6	0.003068004	0.653405698	0.211981117	0.13809428	0.041616436	0.018661942	0	25.3	17.8	2.8
105	species6	0	0.221237592	0.257301537	0.042069134	0.128341051	0.099722907	0.003060079	22.6	22	5.1
106	species6	0	0.310162438	0.278626619	0.106621432	0.07636979	0.066942884	0	26.3	24.6	0.4
107	species6	0	0.379469788	0.274120208	0.097713494	0.132099731	0.088283775	0	22.7	25.8	0
108	species6	0.041419364	0.25584086	0.384045726	0.114860789	0.165264018	0.097082829	0	22.6	22	2.8
109	species7	0	0.629635295	0.201473507	0.037443942	0.087037844	0.148029274	0.021791914	25.5	24.9	4.3
110	species7	0.110511325	0.581377936	0.214115346	0.042286642	0.088314335	0.122122955	0.053772604	25.3	14.6	5.4
111	species7	0.010492943	0.101529726	0.536398774	0.039435879	0.191693741	0.182913088	0.011731466	26.4	24.8	3.8
112	species7	0.005267026	0.179156313	0.403469295	0.057456467	0.09524437	0.248445105	0.223088229	26.7	19.7	6.3
113	species7	0	0.14054612	0.625930476	0.071259711	0.162731346	0.151500225	0	26.5	22.8	5.7
114	species7	0	0.170453853	0.600739272	0.056744967	0.151493261	0.155941566	0	26.4	25.2	0.5
115	species7	0	0.176799274	0.409906166	0.097222476	0.066589374	0.073369034	0.063933106	24	25.9	0.1
116	species7	0	0.16297171	0.678914548	0.03839792	0.168577011	0.188638489	0.007406849	26.5	22.8	5.7
117	species7	0	0.144354805	0.69044222	0.095033946	0.124284908	0.144118222	0	26.4	25.2	0.5
118	species7	0.022452206	0.05110932	0.533339253	0.100637262	0.173650334	0.030274548	0.006769595	27.2	22.5	8.6
119	species7	0.073428324	0.272511898	0.372017982	0.153307299	0.115392635	0.036203509	0.057760819	26.9	25.2	0.3
120	species7	0.053608271	0.206223176	0.559874072	0.321246739	0.09883629	0.039888591	0.082213686	23	26.5	0.1
121	species7	0.026607941	0.121100586	0.414776745	0.072521022	0.167756682	0.055767966	0	27.2	22.5	8.6
122	species7	0.051510558	0.389772811	0.297981924	0.025486708	0.132557461	0.067594566	0	27.1	21.3	7.1
123	species7	0.087969353	0.541188304	0.425395808	0.077118499	0.165876603	0.056149495	0	26.8	25.4	0.1
124	species7	0	0.230919887	0.249615229	0.109538395	0.120903502	0.025288782	0	23.2	26.3	0
125	species7	0.04679412	0.273350606	0.217071501	0.015486225	0.121553247	0.064501243	0	27.1	21.3	7.1
126	species7	0.033579238	0.668184646	0.217635604	0.103860678	0.087176772	0.036165946	0	25.3	17.8	2.8
127	species7	0.063613026	0.491428636	0.217868809	0.089737216	0.137321649	0.076070115	0	25.7	25.5	0.1
128	species7	0.033168572	0.452412268	0.190180368	0.082909324	0.084206738	0.045251876	0	23.2	26.2	0
129	species7	0.003068004	0.653405698	0.211981117	0.13809428	0.041616436	0.018661942	0	25.3	17.8	2.8
130	species7	0	0.221237592	0.257301537	0.042069134	0.128341051	0.099722907	0.003060079	22.6	22	5.1
131	species7	0	0.310162438	0.278626619	0.106621432	0.07636979	0.066942884	0	26.3	24.6	0.4
132	species7	0	0.379469788	0.274120208	0.097713494	0.132099731	0.088283775	0	22.7	25.8	0
133	species7	0.041419364	0.25584086	0.384045726	0.114860789	0.165264018	0.097082829	0	22.6	22	2.8
134	species8	0	0.16297171	0.678914548	0.03839792	0.168577011	0.188638489	0.007406849	26.5	22.8	5.7
135	species8	0.022452206	0.05110932	0.533339253	0.100637262	0.173650334	0.030274548	0.006769595	27.2	22.5	8.6
136	species8	0.073428324	0.272511898	0.372017982	0.153307299	0.115392635	0.036203509	0.057760819	26.9	25.2	0.3
137	species8	0.026607941	0.121100586	0.414776745	0.072521022	0.167756682	0.055767966	0	27.2	22.5	8.6
138	species8	0	0.230919887	0.249615229	0.109538395	0.120903502	0.025288782	0	23.2	26.3	0
139	species8	0.04679412	0.273350606	0.217071501	0.015486225	0.121553247	0.064501243	0	27.1	21.3	7.1
140	species8	0.033579238	0.668184646	0.217635604	0.103860678	0.087176772	0.036165946	0	25.3	17.8	2.8
141	species8	0.063613026	0.491428636	0.217868809	0.089737216	0.137321649	0.076070115	0	25.7	25.5	0.1
142	species8	0.033168572	0.452412268	0.190180368	0.082909324	0.084206738	0.045251876	0	23.2	26.2	0
143	species8	0.003068004	0.653405698	0.211981117	0.13809428	0.041616436	0.018661942	0	25.3	17.8	2.8
144	species8	0	0.221237592	0.257301537	0.042069134	0.128341051	0.099722907	0.003060079	22.6	22	5.1
145	species8	0	0.310162438	0.278626619	0.106621432	0.07636979	0.066942884	0	26.3	24.6	0.4
146	species8	0	0.379469788	0.274120208	0.097713494	0.132099731	0.088283775	0	22.7	25.8	0
147	species8	0.041419364	0.25584086	0.384045726	0.114860789	0.165264018	0.097082829	0	22.6	22	2.8