	species	Day 	Air_temp	Water_temp	Salinity	NH4	Silicate	PO4	NO2_NO3	Tidal_height			
1	syn_1	205	27	17.5	34	NA	NA	NA	NA	2.856			
2	syn_1 	206	NA	NA	NA	NA	NA	NA	NA	2.605			
3	syn_1 	207	21	20	33	NA	NA	NA	NA	1.949			
4	syn_1 	208	26	17	34	NA	NA	NA	NA	1.594			
5	syn_1 	209	29	20	34	NA	NA	NA	NA	1.23			
6	syn_1 	210	23	15	34	NA	NA	NA	NA	1.118			
7	syn_1 	211	24	17	34	NA	NA	NA	NA	0.83			
8	syn_1 	212	23	17.5	34	NA	NA	NA	NA	0.609			
9	syn_1 	213	NA	19	33	NA	NA	NA	NA	0.46			
10	syn_1 	214	23.5	18.3	NA	0.857251761	2.337330274	0.069182486	0.625133203	0.52			
11	syn_1 	215	26.5	13.5	34	0.45992612	2.53344865	0.09660993	0.57640175	0.609			
12	syn_1 	216	28.3	11	34	0.18212627	6.61638308	NA	1.21387498	1.016			
13	syn_1 	217	25.5	NA	NA	0.86768967	7.05001699	0.33053471	2.40520795	1.601			
14	syn_1 	218	28.5	13.5	34	0.69743456	6.32002733	0.19483969	2.94348612	1.941			
15	syn_1 	219	23.5	11	34	0.75950658	5.57384693	0.20614744	1.79758424	2.479			
16	syn_1 	220	26.5	11	34	0.37917359	4.44770123	0.24337135	1.75748877	2.899			
17	syn_1 	221	26.5	12.8	34	NA	4.10791588	NA	NA	3.13			
18	syn_1 	222	25.5	13.8	NA	0.21565437	3.99431553	0.10142842	0.31993432	2.477			
19	syn_1 	223	20.8	15.8	NA	0.26956796	3.99431553	NA	1.42315613	2.153			
20	syn_1 	224	24.3	18	34	0.86120177	2.79666094	NA	0.90450944	1.375			
21	syn_1 	225	21.5	19.8	NA	0.663421426	2.891279198	0.106077048	0.346832485	1.36			
22	syn_1 	226	23	18.5	34	1.39859995	2.11237865	NA	0.63125864	0.302			
23	syn_1 	227	26.8	18	34	0.60610945	4.21971346	NA	NA	0.3			
24	syn_1 	228	21.5	17.8	34	0.13728068	4.57914812	NA	1.47610915	0.166			
25	syn_1 	229	30.5	14.5	34	0.13651523	4.99604763	0.16272107	2.41098874	0.533			
26	syn_1 	230	21.5	16.5	34	0.52505727	3.45161568	NA	5.10852963	1.104			
27	syn_1 	231	25.5	18.8	34	0.14743555	2.76116774	NA	NA	1.851			
28	syn_1 	233	20.3	19.3	34	0.65253609	3.88623984	0.07189082	6.67253515	2.456			
29	syn_1 	234	19.5	18.8	34	0.07227133	4.24216682	NA	7.36478308	2.813			
30	syn_1 	235	NA	NA	34	NA	3.02969798	NA	1.24992589	2.996			
31	syn_1 	236	17.8	NA	34	0.27492393	4.21989787	0.05520231	NA	2.847			
32	syn_1 	237	NA	NA	32	0.47109591	5.21808205	0.28624272	1.72108027	2.833			
33	syn_1 	238	23	17.8	34	0.22274232	7.12065515	0.2551114	3.91188988	1.848			
34	syn_1 	239	21.3	17.8	34	NA	8.44858475	NA	1.24735746	1.601			
35	syn_1 	240	23	18	34	NA	7.18331736	0.07581914	0.88218234	1.54			
36	syn_1 	241	28.9	18.6	34	0.3042622	9.6138788	0.16589333	5.33803892	1.34			
37	syn_1 	242	28.3	20	34	NA	8.70254607	0.08373814	2.35319588	0.92			
38	syn_1 	243	31.8	20	34	0.40162698	8.29204861	0.15707403	1.63700583	0.816			
39	syn_1 	244	27.5	20	NA	0.67201408	8.38006167	NA	1.26698903	0.707			
40	syn_1 	245	31	20.8	34	0.47165878	6.42046635	0.17623048	2.14191335	0.749			
41	syn_1 	246	24.8	16.8	34	0.57099117	8.13923172	0.1207861	0.78493458	1.556			
42	syn_1 	248	22.8	16	34	1.3294906	9.55889026	0.22767358	2.85282762	2.279			
43	syn_1 	249	24.5	15.3	34	NA	9.81178629	NA	NA	2.988			
44	syn_1 	250	22.3	15.3	NA	0.22017042	7.85634114	0.2110399	2.07571329	3.232			
45	syn_1 	251	24.5	14	35	0.44662338	9.79259867	0.4957588	6.28316885	3.544			
46	syn_1 	252	22	16	34	NA	3.62048097	NA	NA	3.225			
47	syn_1 	253	18.3	14.5	34	0.13557029	9.17461814	0.20596462	11.97060512	2.311			
48	syn_1 	256	18.3	16	34	NA	2.1538272	NA	1.26792339	0.717			
49	syn_1 	257	21.3	16.2	34	0.20511208	5.66787229	NA	8.75177184	0.43			
50	syn_1 	258	21.3	16.2	34	0.20511208	5.66787229	NA	8.75177184	0.43			
51	syn_1 	259	19.7	15.4	35	1.41213507	8.60383916	0.21881931	1.64276403	1.021			
52	syn_1 	260	15.8	15	NA	0.645455514	8.220016333	0.188656596	3.358025986	1.842			
53	syn_1 	261	18.4	16.5	34	0.084449949	4.182439674	0.102966376	3.360362375	1.776			
54	syn_1 	262	19.3	16	34	0.516553675	5.138416332	0.116435804	0.92503873	2.504			
55	syn_1 	263	17	16.5	34	NA	2.47836526	NA	NA	2.902			
56	syn_1 	264	16.8	16.3	35	NA	4.55118337	NA	0.80323694	2.907			
57	syn_1 	265	24.5	16.1	34	0.12065417	5.68874843	NA	0.9802817	2.61			
58	syn_1 	266	21.8	16.8	34	0.10839159	5.75379553	0.2120795	2.4233697	2.512			
59	syn_1 	267	23	15.8	35	0.103145444	3.432459875	0.081593557	0.369492772	2.636			
60	syn_1 	268	24.5	15.4	34	NA	388.553.437	0.1362162	1.380.458.067	2.506			
61	syn_1 	269	19.5	15.6	34	NA	368.516.943	NA	0.39649923	1.56			
62	syn_1 	270	16	16.1	34	NA	192.760.767	NA	0.64420558	1.417			
63	syn_1 	271	23.5	16.1	34	NA	308.472.192	0.06192189	0.2512548	1.629			
64	syn_1 	272	23.4	15.8	NA	0.64088392	314.520.666	0.08225597	0.20502392	0.859			
65	syn_1 	273	20.5	16.6	34	NA	491.676.702	NA	398.961.658	0.7			
66	syn_1 	274	24	13.6	34	NA	929.448.892	0.35865647	479.394.157	0.767			
67	syn_1 	275	16.5	15	37	0.45541467	747.316.924	NA	340.940.811	0.687			
68	syn_1 	276	12.8	14.8	35	NA	560.788.915	0.22233358	194.980.151	1.902			
69	syn_1 	277	13.3	14.2	34	NA	335.568.200	NA	NA	2.096			
70	syn_1 	278											
71	syn_1 	279	15	15	34	0.59246255	473.112.511	0.29340584	335.872.437	3.596			
72	syn_1 	280	12	14.8	34	0.34422829	425.226.139	0.06827934	107.608.610	3.427			
73	syn_1 	281	16	14.9	35	0.56071625	460.514.160	NA	0.77871442	2.764			
74	syn_1 	282	15	15	34	0.21646576	747.205.437	0.37307113	403.130.774	1.998			
75	syn_1 	283	15.7	15	34	0.26956796	568.920.077	NA	0.62883643	2.221			
76	syn_1 	284											
77	syn_1 	285	13	14.3	34	101.936.349	1.096.390.997	0.56482964	2.238.246.012	0.855			
78	syn_1 	286	13.5	14.2	34	0.50139971	802.320.554	0.32011347	643.173.978	0.605			
79	syn_1 	287	15	14	34	0.72139918	682.555.397	0.32735032	224.926.414	0.872			
80	syn_1 	288											
81	syn_1 	289	11.7	13	34	0.27584549	1.026.670.677	0.46426078	400.626.666	1.505			
82	syn_1 	290	12.8	13.1	34	0.61959417	925.552.032	0.42029521	342.771.250	1.673			
83	syn_1 	291	10	11.8	35	113.919.458	1.403.286.008	0.67735015	653.670.004	2.665			
84	syn_1 	292	9	11.5	34	NA	928.442.401	0.24797953	193.721.117	2.778			
85	syn_1 	293	13.7	12.2	34	0.31245337	669.121.430	NA	149.546.708	2.946			
86	syn_1 	294	13.5	12	34	0.44648775	786.365.667	NA	157.456.749	3.232			
87	syn_1 	295	9.5	11.3	34	0.34300256	697.263.111	NA	140.486.230	3.022			
88	syn_1 	296	8.7	11.2	35	0.34792908	840.643.114	0.31871464	368.415.534	2.655			
89	syn_2	205	27	17.5	34	NA	NA	NA	NA	2.856			
90	syn_2	206	NA	NA	NA	NA	NA	NA	NA	2.605			
91	syn_2	207	21	20	33	NA	NA	NA	NA	1.949			
92	syn_2	208	26	17	34	NA	NA	NA	NA	1.594			
93	syn_2	209	29	20	34	NA	NA	NA	NA	1.23			
94	syn_2	210	23	15	34	NA	NA	NA	NA	1.118			
95	syn_2	211	24	17	34	NA	NA	NA	NA	0.83			
96	syn_2	213	NA	19	33	NA	NA	NA	NA	0.46			
97	syn_2	214	23.5	18.3	NA	0.857251761	2.337330274	0.069182486	0.625133203	0.52			
98	syn_2	215	26.5	13.5	34	0.45992612	2.53344865	0.09660993	0.57640175	0.609			
99	syn_2	216	28.3	11	34	0.18212627	6.61638308	NA	1.21387498	1.016			
100	syn_2	217	25.5	NA	NA	0.86768967	7.05001699	0.33053471	2.40520795	1.601			
101	syn_2	218	28.5	13.5	34	0.69743456	6.32002733	0.19483969	2.94348612	1.941			
102	syn_2	219	23.5	11	34	0.75950658	5.57384693	0.20614744	1.79758424	2.479			
103	syn_2	220	26.5	11	34	0.37917359	4.44770123	0.24337135	1.75748877	2.899			
104	syn_2	221	26.5	12.8	34	NA	4.10791588	NA	NA	3.13			
105	syn_2	222	25.5	13.8	NA	0.21565437	3.99431553	0.10142842	0.31993432	2.477			
106	syn_2	223	20.8	15.8	NA	0.26956796	3.99431553	NA	1.42315613	2.153			
107	syn_2	224	24.3	18	34	0.86120177	2.79666094	NA	0.90450944	1.375			
108	syn_2	225	21.5	19.8	NA	0.663421426	2.891279198	0.106077048	0.346832485	1.36			
109	syn_2	226	23	18.5	34	1.39859995	2.11237865	NA	0.63125864	0.302			
110	syn_2	227	26.8	18	34	0.60610945	4.21971346	NA	NA	0.3			
111	syn_2	228	21.5	17.8	34	0.13728068	4.57914812	NA	1.47610915	0.166			
112	syn_2	229	30.5	14.5	34	0.13651523	4.99604763	0.16272107	2.41098874	0.533			
113	syn_2	230	21.5	16.5	34	0.52505727	3.45161568	NA	5.10852963	1.104			
114	syn_2	231	25.5	18.8	34	0.14743555	2.76116774	NA	NA	1.851			
115	syn_2	233	20.3	19.3	34	0.65253609	3.88623984	0.07189082	6.67253515	2.456			
116	syn_2	234	19.5	18.8	34	0.07227133	4.24216682	NA	7.36478308	2.813			
117	syn_2	235	NA	NA	34	NA	3.02969798	NA	1.24992589	2.996			
118	syn_2	236	17.8	NA	34	0.27492393	4.21989787	0.05520231	NA	2.847			
119	syn_2	237	NA	NA	32	0.47109591	5.21808205	0.28624272	1.72108027	2.833			
120	syn_2	238	23	17.8	34	0.22274232	7.12065515	0.2551114	3.91188988	1.848			
121	syn_2	239	21.3	17.8	34	NA	8.44858475	NA	1.24735746	1.601			
122	syn_2	240	23	18	34	NA	7.18331736	0.07581914	0.88218234	1.54			
123	syn_2	241	28.9	18.6	34	0.3042622	9.6138788	0.16589333	5.33803892	1.34			
124	syn_2	243	31.8	20	34	0.40162698	8.29204861	0.15707403	1.63700583	0.816			
125	syn_2	244	27.5	20	NA	0.67201408	8.38006167	NA	1.26698903	0.707			
126	syn_2	245	31	20.8	34	0.47165878	6.42046635	0.17623048	2.14191335	0.749			
127	syn_2	246	24.8	16.8	34	0.57099117	8.13923172	0.1207861	0.78493458	1.556			
128	syn_2	248	22.8	16	34	1.3294906	9.55889026	0.22767358	2.85282762	2.279			
129	syn_2	249	24.5	15.3	34	NA	9.81178629	NA	NA	2.988			
130	syn_2	250	22.3	15.3	NA	0.22017042	7.85634114	0.2110399	2.07571329	3.232			
131	syn_2	251	24.5	14	35	0.44662338	9.79259867	0.4957588	6.28316885	3.544			
132	syn_2	252	22	16	34	NA	3.62048097	NA	NA	3.225			
133	syn_2	253	18.3	14.5	34	0.13557029	9.17461814	0.20596462	11.97060512	2.311			
134	syn_2	255	16.6	15.3	34	0.73863394	4.09706819	NA	2.22328082	0.908			
135	syn_2	256	18.3	16	34	NA	2.1538272	NA	1.26792339	0.717			
136	syn_2	257	21.3	16.2	34	0.20511208	5.66787229	NA	8.75177184	0.43			
137	syn_2	258	21.3	16.2	34	0.20511208	5.66787229	NA	8.75177184	0.43			
138	syn_2	259	19.7	15.4	35	1.41213507	8.60383916	0.21881931	1.64276403	1.021			
139	syn_2	260	15.8	15	NA	0.645455514	8.220016333	0.188656596	3.358025986	1.842			
140	syn_2	261	18.4	16.5	34	0.084449949	4.182439674	0.102966376	3.360362375	1.776			
141	syn_2	262	19.3	16	34	0.516553675	5.138416332	0.116435804	0.92503873	2.504			
142	syn_2	263	17	16.5	34	NA	2.47836526	NA	NA	2.902			
143	syn_2	264	16.8	16.3	35	NA	4.55118337	NA	0.80323694	2.907			
144	syn_2	265	24.5	16.1	34	0.12065417	5.68874843	NA	0.9802817	2.61			
145	syn_2	266	21.8	16.8	34	0.10839159	5.75379553	0.2120795	2.4233697	2.512			
146	syn_2	267	23	15.8	35	0.103145444	3.432459875	0.081593557	0.369492772	2.636			
147	syn_2	268	24.5	15.4	34	NA	388.553.437	0.1362162	1.380.458.067	2.506			
148	syn_2	269	19.5	15.6	34	NA	368.516.943	NA	0.39649923	1.56			
149	syn_2	272	23.4	15.8	NA	0.64088392	314.520.666	0.08225597	0.20502392	0.859			
150	syn_2	274	24	13.6	34	NA	929.448.892	0.35865647	479.394.157	0.767			
151	syn_2	275	16.5	15	37	0.45541467	747.316.924	NA	340.940.811	0.687			
152	syn_2	276	12.8	14.8	35	NA	560.788.915	0.22233358	194.980.151	1.902			
153	syn_2	277	13.3	14.2	34	NA	335.568.200	NA	NA	2.096			
154	syn_2	278											
155	syn_2	279	15	15	34	0.59246255	473.112.511	0.29340584	335.872.437	3.596			
156	syn_2	280	12	14.8	34	0.34422829	425.226.139	0.06827934	107.608.610	3.427			
157	syn_2	281	16	14.9	35	0.56071625	460.514.160	NA	0.77871442	2.764			
158	syn_2	282	15	15	34	0.21646576	747.205.437	0.37307113	403.130.774	1.998			
159	syn_2	283	15.7	15	34	0.26956796	568.920.077	NA	0.62883643	2.221			
160	syn_2	284											
161	syn_2	285	13	14.3	34	101.936.349	1.096.390.997	0.56482964	2.238.246.012	0.855			
162	syn_2	286	13.5	14.2	34	0.50139971	802.320.554	0.32011347	643.173.978	0.605			
163	syn_2	287	15	14	34	0.72139918	682.555.397	0.32735032	224.926.414	0.872			
164	syn_2	288											
165	syn_2	289	11.7	13	34	0.27584549	1.026.670.677	0.46426078	400.626.666	1.505			
166	syn_2	290	12.8	13.1	34	0.61959417	925.552.032	0.42029521	342.771.250	1.673			
167	syn_2	291	10	11.8	35	113.919.458	1.403.286.008	0.67735015	653.670.004	2.665			
168	syn_2	292	9	11.5	34	NA	928.442.401	0.24797953	193.721.117	2.778			
169	syn_2	293	13.7	12.2	34	0.31245337	669.121.430	NA	149.546.708	2.946			
170	syn_2	294	13.5	12	34	0.44648775	786.365.667	NA	157.456.749	3.232			
171	syn_2	295	9.5	11.3	34	0.34300256	697.263.111	NA	140.486.230	3.022			
172	syn_2	296	8.7	11.2	35	0.34792908	840.643.114	0.31871464	368.415.534	2.655			
173	syn_3	210	23	15	34	NA	NA	NA	NA	1.118			
174	syn_3	211	24	17	34	NA	NA	NA	NA	0.83			
175	syn_3	213	NA	19	33	NA	NA	NA	NA	0.46			
176	syn_3	214	23.5	18.3	NA	0.857251761	2.337330274	0.069182486	0.625133203	0.52			
177	syn_3	215	26.5	13.5	34	0.45992612	2.53344865	0.09660993	0.57640175	0.609			
178	syn_3	216	28.3	11	34	0.18212627	6.61638308	NA	1.21387498	1.016			
179	syn_3	217	25.5	NA	NA	0.86768967	7.05001699	0.33053471	2.40520795	1.601			
180	syn_3	218	28.5	13.5	34	0.69743456	6.32002733	0.19483969	2.94348612	1.941			
181	syn_3	219	23.5	11	34	0.75950658	5.57384693	0.20614744	1.79758424	2.479			
182	syn_3	220	26.5	11	34	0.37917359	4.44770123	0.24337135	1.75748877	2.899			
183	syn_3	221	26.5	12.8	34	NA	4.10791588	NA	NA	3.13			
184	syn_3	222	25.5	13.8	NA	0.21565437	3.99431553	0.10142842	0.31993432	2.477			
185	syn_3	223	20.8	15.8	NA	0.26956796	3.99431553	NA	1.42315613	2.153			
186	syn_3	224	24.3	18	34	0.86120177	2.79666094	NA	0.90450944	1.375			
187	syn_3	225	21.5	19.8	NA	0.663421426	2.891279198	0.106077048	0.346832485	1.36			
188	syn_3	226	23	18.5	34	1.39859995	2.11237865	NA	0.63125864	0.302			
189	syn_3	227	26.8	18	34	0.60610945	4.21971346	NA	NA	0.3			
190	syn_3	228	21.5	17.8	34	0.13728068	4.57914812	NA	1.47610915	0.166			
191	syn_3	229	30.5	14.5	34	0.13651523	4.99604763	0.16272107	2.41098874	0.533			
192	syn_3	230	21.5	16.5	34	0.52505727	3.45161568	NA	5.10852963	1.104			
193	syn_3	231	25.5	18.8	34	0.14743555	2.76116774	NA	NA	1.851			
194	syn_3	233	20.3	19.3	34	0.65253609	3.88623984	0.07189082	6.67253515	2.456			
195	syn_3	234	19.5	18.8	34	0.07227133	4.24216682	NA	7.36478308	2.813			
196	syn_3	236	17.8	NA	34	0.27492393	4.21989787	0.05520231	NA	2.847			
197	syn_3	237	NA	NA	32	0.47109591	5.21808205	0.28624272	1.72108027	2.833			
198	syn_3	238	23	17.8	34	0.22274232	7.12065515	0.2551114	3.91188988	1.848			
199	syn_3	239	21.3	17.8	34	NA	8.44858475	NA	1.24735746	1.601			
200	syn_3	240	23	18	34	NA	7.18331736	0.07581914	0.88218234	1.54			
201	syn_3	241	28.9	18.6	34	0.3042622	9.6138788	0.16589333	5.33803892	1.34			
202	syn_3	242	28.3	20	34	NA	8.70254607	0.08373814	2.35319588	0.92			
203	syn_3	243	31.8	20	34	0.40162698	8.29204861	0.15707403	1.63700583	0.816			
204	syn_3	244	27.5	20	NA	0.67201408	8.38006167	NA	1.26698903	0.707			
205	syn_3	245	31	20.8	34	0.47165878	6.42046635	0.17623048	2.14191335	0.749			
206	syn_3	246	24.8	16.8	34	0.57099117	8.13923172	0.1207861	0.78493458	1.556			
207	syn_3	248	22.8	16	34	1.3294906	9.55889026	0.22767358	2.85282762	2.279			
208	syn_3	249	24.5	15.3	34	NA	9.81178629	NA	NA	2.988			
209	syn_3	250	22.3	15.3	NA	0.22017042	7.85634114	0.2110399	2.07571329	3.232			
210	syn_3	251	24.5	14	35	0.44662338	9.79259867	0.4957588	6.28316885	3.544			
211	syn_3	252	22	16	34	NA	3.62048097	NA	NA	3.225			
212	syn_3	255	16.6	15.3	34	0.73863394	4.09706819	NA	2.22328082	0.908			
213	syn_3	256	18.3	16	34	NA	2.1538272	NA	1.26792339	0.717			
214	syn_3	257	21.3	16.2	34	0.20511208	5.66787229	NA	8.75177184	0.43			
215	syn_3	258	21.3	16.2	34	0.20511208	5.66787229	NA	8.75177184	0.43			
216	syn_3	259	19.7	15.4	35	1.41213507	8.60383916	0.21881931	1.64276403	1.021			
217	syn_3	260	15.8	15	NA	0.645455514	8.220016333	0.188656596	3.358025986	1.842			
218	syn_3	261	18.4	16.5	34	0.084449949	4.182439674	0.102966376	3.360362375	1.776			
219	syn_3	262	19.3	16	34	0.516553675	5.138416332	0.116435804	0.92503873	2.504			
220	syn_3	263	17	16.5	34	NA	2.47836526	NA	NA	2.902			
221	syn_3	265	24.5	16.1	34	0.12065417	5.68874843	NA	0.9802817	2.61			
222	syn_3	266	21.8	16.8	34	0.10839159	5.75379553	0.2120795	2.4233697	2.512			
223	syn_3	267											
224	syn_3	269	19.5	15.6	34	NA	368.516.943	NA	0.39649923	1.56			
225	syn_3	272	23.4	15.8	NA	0.64088392	314.520.666	0.08225597	0.20502392	0.859			
226	syn_3	275	16.5	15	37	0.45541467	747.316.924	NA	340.940.811	0.687			
227	syn_3	280	12	14.8	34	0.34422829	425.226.139	0.06827934	107.608.610	3.427			
228	syn_3	281	16	14.9	35	0.56071625	460.514.160	NA	0.77871442	2.764			
229	syn_3	282	15	15	34	0.21646576	747.205.437	0.37307113	403.130.774	1.998			
230	syn_3	283	15.7	15	34	0.26956796	568.920.077	NA	0.62883643	2.221			
231	syn_3	284											
232	syn_3	286	13.5	14.2	34	0.50139971	802.320.554	0.32011347	643.173.978	0.605			
233	syn_3	287	15	14	34	0.72139918	682.555.397	0.32735032	224.926.414	0.872			
234	syn_3	288											
235	syn_3	289	11.7	13	34	0.27584549	1.026.670.677	0.46426078	400.626.666	1.505			
236	syn_3	290	12.8	13.1	34	0.61959417	925.552.032	0.42029521	342.771.250	1.673			
237	syn_3	291	10	11.8	35	113.919.458	1.403.286.008	0.67735015	653.670.004	2.665			
238	syn_3	292	9	11.5	34	NA	928.442.401	0.24797953	193.721.117	2.778			
239	syn_3	293	13.7	12.2	34	0.31245337	669.121.430	NA	149.546.708	2.946			
240	syn_3	294	13.5	12	34	0.44648775	786.365.667	NA	157.456.749	3.232			
241	syn_3	295	9.5	11.3	34	0.34300256	697.263.111	NA	140.486.230	3.022			
242	syn_3	296	8.7	11.2	35	0.34792908	840.643.114	0.31871464	368.415.534	2.655			
243	syn_4 	205	27	17.5	34	NA	NA	NA	NA	2.856			
244	syn_4 	207	21	20	33	NA	NA	NA	NA	1.949			
245	syn_4 	208	26	17	34	NA	NA	NA	NA	1.594			
246	syn_4 	209	29	20	34	NA	NA	NA	NA	1.23			
247	syn_4 	211	24	17	34	NA	NA	NA	NA	0.83			
248	syn_4 	214	23.5	18.3	NA	0.857251761	2.337330274	0.069182486	0.625133203	0.52			
249	syn_4 	215	26.5	13.5	34	0.45992612	2.53344865	0.09660993	0.57640175	0.609			
250	syn_4 	216	28.3	11	34	0.18212627	6.61638308	NA	1.21387498	1.016			
251	syn_4 	217	25.5	NA	NA	0.86768967	7.05001699	0.33053471	2.40520795	1.601			
252	syn_4 	219	23.5	11	34	0.75950658	5.57384693	0.20614744	1.79758424	2.479			
253	syn_4 	222	25.5	13.8	NA	0.21565437	3.99431553	0.10142842	0.31993432	2.477			
254	syn_4 	226	23	18.5	34	1.39859995	2.11237865	NA	0.63125864	0.302			
255	syn_4 	227	26.8	18	34	0.60610945	4.21971346	NA	NA	0.3			
256	syn_4 	228	21.5	17.8	34	0.13728068	4.57914812	NA	1.47610915	0.166			
257	syn_4 	229	30.5	14.5	34	0.13651523	4.99604763	0.16272107	2.41098874	0.533			
258	syn_4 	230	21.5	16.5	34	0.52505727	3.45161568	NA	5.10852963	1.104			
259	syn_4 	231	25.5	18.8	34	0.14743555	2.76116774	NA	NA	1.851			
260	syn_4 	233	20.3	19.3	34	0.65253609	3.88623984	0.07189082	6.67253515	2.456			
261	syn_4 	234	19.5	18.8	34	0.07227133	4.24216682	NA	7.36478308	2.813			
262	syn_4 	235	NA	NA	34	NA	3.02969798	NA	1.24992589	2.996			
263	syn_4 	236	17.8	NA	34	0.27492393	4.21989787	0.05520231	NA	2.847			
264	syn_4 	237	NA	NA	32	0.47109591	5.21808205	0.28624272	1.72108027	2.833			
265	syn_4 	238	23	17.8	34	0.22274232	7.12065515	0.2551114	3.91188988	1.848			
266	syn_4 	239	21.3	17.8	34	NA	8.44858475	NA	1.24735746	1.601			
267	syn_4 	243	31.8	20	34	0.40162698	8.29204861	0.15707403	1.63700583	0.816			
268	syn_4 	244	27.5	20	NA	0.67201408	8.38006167	NA	1.26698903	0.707			
269	syn_4 	245	31	20.8	34	0.47165878	6.42046635	0.17623048	2.14191335	0.749			
270	syn_4 	246	24.8	16.8	34	0.57099117	8.13923172	0.1207861	0.78493458	1.556			
271	syn_4 	248	22.8	16	34	1.3294906	9.55889026	0.22767358	2.85282762	2.279			
272	syn_4 	256	18.3	16	34	NA	2.1538272	NA	1.26792339	0.717			
273	syn_4 	257	21.3	16.2	34	0.20511208	5.66787229	NA	8.75177184	0.43			
274	syn_4 	258	21.3	16.2	34	0.20511208	5.66787229	NA	8.75177184	0.43			
275	syn_4 	259	19.7	15.4	35	1.41213507	8.60383916	0.21881931	1.64276403	1.021			
276	syn_4 	260	15.8	15	NA	0.645455514	8.220016333	0.188656596	3.358025986	1.842			
277	syn_4 	261	18.4	16.5	34	0.084449949	4.182439674	0.102966376	3.360362375	1.776			
278	syn_4 	262	19.3	16	34	0.516553675	5.138416332	0.116435804	0.92503873	2.504			
279	syn_4 	263	17	16.5	34	NA	2.47836526	NA	NA	2.902			
280	syn_4 	264	16.8	16.3	35	NA	4.55118337	NA	0.80323694	2.907			
281	syn_4 	265	24.5	16.1	34	0.12065417	5.68874843	NA	0.9802817	2.61			
282	syn_4 	266	21.8	16.8	34	0.10839159	5.75379553	0.2120795	2.4233697	2.512			
283	syn_4 	267											
284	syn_4 	268	24.5	15.4	34	NA	388.553.437	0.1362162	1.380.458.067	2.506			
285	syn_4 	272	23.4	15.8	NA	0.64088392	314.520.666	0.08225597	0.20502392	0.859			
286	syn_4 	280	12	14.8	34	0.34422829	425.226.139	0.06827934	107.608.610	3.427			
287	syn_4 	281	16	14.9	35	0.56071625	460.514.160	NA	0.77871442	2.764			
288	syn_5 	205	27	17.5	34	NA	NA	NA	NA	2.856			
289	syn_5 	206	NA	NA	NA	NA	NA	NA	NA	2.605			
290	syn_5 	207	21	20	33	NA	NA	NA	NA	1.949			
291	syn_5 	208	26	17	34	NA	NA	NA	NA	1.594			
292	syn_5 	209	29	20	34	NA	NA	NA	NA	1.23			
293	syn_5 	210	23	15	34	NA	NA	NA	NA	1.118			
294	syn_5 	211	24	17	34	NA	NA	NA	NA	0.83			
295	syn_5 	212	23	17.5	34	NA	NA	NA	NA	0.609			
296	syn_5 	213	NA	19	33	NA	NA	NA	NA	0.46			
297	syn_5 	214	23.5	18.3	NA	0.857251761	2.337330274	0.069182486	0.625133203	0.52			
298	syn_5 	215	26.5	13.5	34	0.45992612	2.53344865	0.09660993	0.57640175	0.609			
299	syn_5 	216	28.3	11	34	0.18212627	6.61638308	NA	1.21387498	1.016			
300	syn_5 	217	25.5	NA	NA	0.86768967	7.05001699	0.33053471	2.40520795	1.601			
301	syn_5 	218	28.5	13.5	34	0.69743456	6.32002733	0.19483969	2.94348612	1.941			
302	syn_5 	219	23.5	11	34	0.75950658	5.57384693	0.20614744	1.79758424	2.479			
303	syn_5 	220	26.5	11	34	0.37917359	4.44770123	0.24337135	1.75748877	2.899			
304	syn_5 	221	26.5	12.8	34	NA	4.10791588	NA	NA	3.13			
305	syn_5 	222	25.5	13.8	NA	0.21565437	3.99431553	0.10142842	0.31993432	2.477			
306	syn_5 	223	20.8	15.8	NA	0.26956796	3.99431553	NA	1.42315613	2.153			
307	syn_5 	224	24.3	18	34	0.86120177	2.79666094	NA	0.90450944	1.375			
308	syn_5 	225	21.5	19.8	NA	0.663421426	2.891279198	0.106077048	0.346832485	1.36			
309	syn_5 	226	23	18.5	34	1.39859995	2.11237865	NA	0.63125864	0.302			
310	syn_5 	227	26.8	18	34	0.60610945	4.21971346	NA	NA	0.3			
311	syn_5 	228	21.5	17.8	34	0.13728068	4.57914812	NA	1.47610915	0.166			
312	syn_5 	229	30.5	14.5	34	0.13651523	4.99604763	0.16272107	2.41098874	0.533			
313	syn_5 	230	21.5	16.5	34	0.52505727	3.45161568	NA	5.10852963	1.104			
314	syn_5 	231	25.5	18.8	34	0.14743555	2.76116774	NA	NA	1.851			
315	syn_5 	233	20.3	19.3	34	0.65253609	3.88623984	0.07189082	6.67253515	2.456			
316	syn_5 	234	19.5	18.8	34	0.07227133	4.24216682	NA	7.36478308	2.813			
317	syn_5 	235	NA	NA	34	NA	3.02969798	NA	1.24992589	2.996			
318	syn_5 	236	17.8	NA	34	0.27492393	4.21989787	0.05520231	NA	2.847			
319	syn_5 	237	NA	NA	32	0.47109591	5.21808205	0.28624272	1.72108027	2.833			
320	syn_5 	238	23	17.8	34	0.22274232	7.12065515	0.2551114	3.91188988	1.848			
321	syn_5 	239	21.3	17.8	34	NA	8.44858475	NA	1.24735746	1.601			
322	syn_5 	240	23	18	34	NA	7.18331736	0.07581914	0.88218234	1.54			
323	syn_5 	241	28.9	18.6	34	0.3042622	9.6138788	0.16589333	5.33803892	1.34			
324	syn_5 	242	28.3	20	34	NA	8.70254607	0.08373814	2.35319588	0.92			
325	syn_5 	243	31.8	20	34	0.40162698	8.29204861	0.15707403	1.63700583	0.816			
326	syn_5 	244	27.5	20	NA	0.67201408	8.38006167	NA	1.26698903	0.707			
327	syn_5 	245	31	20.8	34	0.47165878	6.42046635	0.17623048	2.14191335	0.749			
328	syn_5 	246	24.8	16.8	34	0.57099117	8.13923172	0.1207861	0.78493458	1.556			
329	syn_5 	248	22.8	16	34	1.3294906	9.55889026	0.22767358	2.85282762	2.279			
330	syn_5 	249	24.5	15.3	34	NA	9.81178629	NA	NA	2.988			
331	syn_5 	250	22.3	15.3	NA	0.22017042	7.85634114	0.2110399	2.07571329	3.232			
332	syn_5 	251	24.5	14	35	0.44662338	9.79259867	0.4957588	6.28316885	3.544			
333	syn_5 	252	22	16	34	NA	3.62048097	NA	NA	3.225			
334	syn_5 	253	18.3	14.5	34	0.13557029	9.17461814	0.20596462	11.97060512	2.311			
335	syn_5 	255	16.6	15.3	34	0.73863394	4.09706819	NA	2.22328082	0.908			
336	syn_5 	256	18.3	16	34	NA	2.1538272	NA	1.26792339	0.717			
337	syn_5 	257	21.3	16.2	34	0.20511208	5.66787229	NA	8.75177184	0.43			
338	syn_5 	258	21.3	16.2	34	0.20511208	5.66787229	NA	8.75177184	0.43			
339	syn_5 	259	19.7	15.4	35	1.41213507	8.60383916	0.21881931	1.64276403	1.021			
340	syn_5 	260	15.8	15	NA	0.645455514	8.220016333	0.188656596	3.358025986	1.842			
341	syn_5 	261	18.4	16.5	34	0.084449949	4.182439674	0.102966376	3.360362375	1.776			
342	syn_5 	262	19.3	16	34	0.516553675	5.138416332	0.116435804	0.92503873	2.504			
343	syn_5 	263	17	16.5	34	NA	2.47836526	NA	NA	2.902			
344	syn_5 	264	16.8	16.3	35	NA	4.55118337	NA	0.80323694	2.907			
345	syn_5 	265	24.5	16.1	34	0.12065417	5.68874843	NA	0.9802817	2.61			
346	syn_5 	266	21.8	16.8	34	0.10839159	5.75379553	0.2120795	2.4233697	2.512			
347	syn_5 	267											
348	syn_5 	268	24.5	15.4	34	NA	388.553.437	0.1362162	1.380.458.067	2.506			
349	syn_5 	269	19.5	15.6	34	NA	368.516.943	NA	0.39649923	1.56			
350	syn_5 	270	16	16.1	34	NA	192.760.767	NA	0.64420558	1.417			
351	syn_5 	272	23.4	15.8	NA	0.64088392	314.520.666	0.08225597	0.20502392	0.859			
352	syn_5 	273	20.5	16.6	34	NA	491.676.702	NA	398.961.658	0.7			
353	syn_5 	274	24	13.6	34	NA	929.448.892	0.35865647	479.394.157	0.767			
354	syn_5 	275	16.5	15	37	0.45541467	747.316.924	NA	340.940.811	0.687			
355	syn_5 	276	12.8	14.8	35	NA	560.788.915	0.22233358	194.980.151	1.902			
356	syn_5 	277	13.3	14.2	34	NA	335.568.200	NA	NA	2.096			
357	syn_5 	278											
358	syn_5 	279	15	15	34	0.59246255	473.112.511	0.29340584	335.872.437	3.596			
359	syn_5 	280	12	14.8	34	0.34422829	425.226.139	0.06827934	107.608.610	3.427			
360	syn_5 	281	16	14.9	35	0.56071625	460.514.160	NA	0.77871442	2.764			
361	syn_5 	282	15	15	34	0.21646576	747.205.437	0.37307113	403.130.774	1.998			
362	syn_5 	283	15.7	15	34	0.26956796	568.920.077	NA	0.62883643	2.221			
363	syn_5 	284											
364	syn_5 	285	13	14.3	34	101.936.349	1.096.390.997	0.56482964	2.238.246.012	0.855			
365	syn_5 	286	13.5	14.2	34	0.50139971	802.320.554	0.32011347	643.173.978	0.605			
366	syn_5 	287	15	14	34	0.72139918	682.555.397	0.32735032	224.926.414	0.872			
367	syn_5 	288											
368	syn_5 	289	11.7	13	34	0.27584549	1.026.670.677	0.46426078	400.626.666	1.505			
369	syn_5 	290	12.8	13.1	34	0.61959417	925.552.032	0.42029521	342.771.250	1.673			
370	syn_5 	291	10	11.8	35	113.919.458	1.403.286.008	0.67735015	653.670.004	2.665			
371	syn_5 	292	9	11.5	34	NA	928.442.401	0.24797953	193.721.117	2.778			
372	syn_5 	293	13.7	12.2	34	0.31245337	669.121.430	NA	149.546.708	2.946			
373	syn_5 	294	13.5	12	34	0.44648775	786.365.667	NA	157.456.749	3.232			
374	syn_5 	295	9.5	11.3	34	0.34300256	697.263.111	NA	140.486.230	3.022			
375	syn_5 	296	8.7	11.2	35	0.34792908	840.643.114	0.31871464	368.415.534	2.655			
376	syn_6 	205	27	17.5	34	NA	NA	NA	NA	2.856			
377	syn_6 	206	NA	NA	NA	NA	NA	NA	NA	2.605			
378	syn_6 	207	21	20	33	NA	NA	NA	NA	1.949			
379	syn_6 	208	26	17	34	NA	NA	NA	NA	1.594			
380	syn_6 	209	29	20	34	NA	NA	NA	NA	1.23			
381	syn_6 	210	23	15	34	NA	NA	NA	NA	1.118			
382	syn_6 	211	24	17	34	NA	NA	NA	NA	0.83			
383	syn_6 	212	23	17.5	34	NA	NA	NA	NA	0.609			
384	syn_6 	213	NA	19	33	NA	NA	NA	NA	0.46			
385	syn_6 	214	23.5	18.3	NA	0.857251761	2.337330274	0.069182486	0.625133203	0.52			
386	syn_6 	215	26.5	13.5	34	0.45992612	2.53344865	0.09660993	0.57640175	0.609			
387	syn_6 	216	28.3	11	34	0.18212627	6.61638308	NA	1.21387498	1.016			
388	syn_6 	217	25.5	NA	NA	0.86768967	7.05001699	0.33053471	2.40520795	1.601			
389	syn_6 	218	28.5	13.5	34	0.69743456	6.32002733	0.19483969	2.94348612	1.941			
390	syn_6 	219	23.5	11	34	0.75950658	5.57384693	0.20614744	1.79758424	2.479			
391	syn_6 	221	26.5	12.8	34	NA	4.10791588	NA	NA	3.13			
392	syn_6 	222	25.5	13.8	NA	0.21565437	3.99431553	0.10142842	0.31993432	2.477			
393	syn_6 	223	20.8	15.8	NA	0.26956796	3.99431553	NA	1.42315613	2.153			
394	syn_6 	224	24.3	18	34	0.86120177	2.79666094	NA	0.90450944	1.375			
395	syn_6 	225	21.5	19.8	NA	0.663421426	2.891279198	0.106077048	0.346832485	1.36			
396	syn_6 	226	23	18.5	34	1.39859995	2.11237865	NA	0.63125864	0.302			
397	syn_6 	227	26.8	18	34	0.60610945	4.21971346	NA	NA	0.3			
398	syn_6 	228	21.5	17.8	34	0.13728068	4.57914812	NA	1.47610915	0.166			
399	syn_6 	229	30.5	14.5	34	0.13651523	4.99604763	0.16272107	2.41098874	0.533			
400	syn_6 	230	21.5	16.5	34	0.52505727	3.45161568	NA	5.10852963	1.104			
401	syn_6 	231	25.5	18.8	34	0.14743555	2.76116774	NA	NA	1.851			
402	syn_6 	233	20.3	19.3	34	0.65253609	3.88623984	0.07189082	6.67253515	2.456			
403	syn_6 	234	19.5	18.8	34	0.07227133	4.24216682	NA	7.36478308	2.813			
404	syn_6 	235	NA	NA	34	NA	3.02969798	NA	1.24992589	2.996			
405	syn_6 	236	17.8	NA	34	0.27492393	4.21989787	0.05520231	NA	2.847			
406	syn_6 	237	NA	NA	32	0.47109591	5.21808205	0.28624272	1.72108027	2.833			
407	syn_6 	238	23	17.8	34	0.22274232	7.12065515	0.2551114	3.91188988	1.848			
408	syn_6 	239	21.3	17.8	34	NA	8.44858475	NA	1.24735746	1.601			
409	syn_6 	240	23	18	34	NA	7.18331736	0.07581914	0.88218234	1.54			
410	syn_6 	241	28.9	18.6	34	0.3042622	9.6138788	0.16589333	5.33803892	1.34			
411	syn_6 	242	28.3	20	34	NA	8.70254607	0.08373814	2.35319588	0.92			
412	syn_6 	243	31.8	20	34	0.40162698	8.29204861	0.15707403	1.63700583	0.816			
413	syn_6 	245	31	20.8	34	0.47165878	6.42046635	0.17623048	2.14191335	0.749			
414	syn_6 	246	24.8	16.8	34	0.57099117	8.13923172	0.1207861	0.78493458	1.556			
415	syn_6 	248	22.8	16	34	1.3294906	9.55889026	0.22767358	2.85282762	2.279			
416	syn_6 	249	24.5	15.3	34	NA	9.81178629	NA	NA	2.988			
417	syn_6 	250	22.3	15.3	NA	0.22017042	7.85634114	0.2110399	2.07571329	3.232			
418	syn_6 	251	24.5	14	35	0.44662338	9.79259867	0.4957588	6.28316885	3.544			
419	syn_6 	252	22	16	34	NA	3.62048097	NA	NA	3.225			
420	syn_6 	253	18.3	14.5	34	0.13557029	9.17461814	0.20596462	11.97060512	2.311			
421	syn_6 	255	16.6	15.3	34	0.73863394	4.09706819	NA	2.22328082	0.908			
422	syn_6 	256	18.3	16	34	NA	2.1538272	NA	1.26792339	0.717			
423	syn_6 	257	21.3	16.2	34	0.20511208	5.66787229	NA	8.75177184	0.43			
424	syn_6 	258	21.3	16.2	34	0.20511208	5.66787229	NA	8.75177184	0.43			
425	syn_6 	259	19.7	15.4	35	1.41213507	8.60383916	0.21881931	1.64276403	1.021			
426	syn_6 	260	15.8	15	NA	0.645455514	8.220016333	0.188656596	3.358025986	1.842			
427	syn_6 	261	18.4	16.5	34	0.084449949	4.182439674	0.102966376	3.360362375	1.776			
428	syn_6 	262	19.3	16	34	0.516553675	5.138416332	0.116435804	0.92503873	2.504			
429	syn_6 	263	17	16.5	34	NA	2.47836526	NA	NA	2.902			
430	syn_6 	264	16.8	16.3	35	NA	4.55118337	NA	0.80323694	2.907			
431	syn_6 	265	24.5	16.1	34	0.12065417	5.68874843	NA	0.9802817	2.61			
432	syn_6 	266	21.8	16.8	34	0.10839159	5.75379553	0.2120795	2.4233697	2.512			
433	syn_6 	267	23	15.8	35	0.103145444	3.432459875	0.081593557	0.369492772	2.636			
434	syn_6 	268	24.5	15.4	34	NA	388.553.437	0.1362162	1.380.458.067	2.506			
435	syn_6 	269	19.5	15.6	34	NA	368.516.943	NA	0.39649923	1.56			
436	syn_6 	272	23.4	15.8	NA	0.64088392	314.520.666	0.08225597	0.20502392	0.859			
437	syn_6 	274	24	13.6	34	NA	929.448.892	0.35865647	479.394.157	0.767			
438	syn_6 	275	16.5	15	37	0.45541467	747.316.924	NA	340.940.811	0.687			
439	syn_6 	276	12.8	14.8	35	NA	560.788.915	0.22233358	194.980.151	1.902			
440	syn_6 	279	15	15	34	0.59246255	473.112.511	0.29340584	335.872.437	3.596			
441	syn_6 	280	12	14.8	34	0.34422829	425.226.139	0.06827934	107.608.610	3.427			
442	syn_6 	281	16	14.9	35	0.56071625	460.514.160	NA	0.77871442	2.764			
443	syn_6 	282	15	15	34	0.21646576	747.205.437	0.37307113	403.130.774	1.998			
444	syn_6 	283	15.7	15	34	0.26956796	568.920.077	NA	0.62883643	2.221			
445	syn_6 	284											
446	syn_6 	285	13	14.3	34	101.936.349	1.096.390.997	0.56482964	2.238.246.012	0.855			
447	syn_6 	289	11.7	13	34	0.27584549	1.026.670.677	0.46426078	400.626.666	1.505			
448	syn_6 	290	12.8	13.1	34	0.61959417	925.552.032	0.42029521	342.771.250	1.673			
449	syn_6 	291	10	11.8	35	113.919.458	1.403.286.008	0.67735015	653.670.004	2.665			
450	syn_6 	292	9	11.5	34	NA	928.442.401	0.24797953	193.721.117	2.778			
451	syn_6 	293	13.7	12.2	34	0.31245337	669.121.430	NA	149.546.708	2.946			
452	syn_6 	294	13.5	12	34	0.44648775	786.365.667	NA	157.456.749	3.232			
453	syn_6 	295	9.5	11.3	34	0.34300256	697.263.111	NA	140.486.230	3.022			
454	syn_6 	296	8.7	11.2	35	0.34792908	840.643.114	0.31871464	368.415.534	2.655			
455	syn_7 	222	25.5	13.8	NA	0.21565437	3.99431553	0.10142842	0.31993432	2.477			
456	syn_7 	229	30.5	14.5	34	0.13651523	4.99604763	0.16272107	2.41098874	0.533			
457	syn_7 	258	21.3	16.2	34	0.20511208	5.66787229	NA	8.75177184	0.43			
458	syn_7 	259	19.7	15.4	35	1.41213507	8.60383916	0.21881931	1.64276403	1.021			
459	syn_7 	260	15.8	15	NA	0.645455514	8.220016333	0.188656596	3.358025986	1.842			
460	syn_7 	261	18.4	16.5	34	0.084449949	4.182439674	0.102966376	3.360362375	1.776			
461	syn_7 	263	17	16.5	34	NA	2.47836526	NA	NA	2.902			
462	syn_7 	264	16.8	16.3	35	NA	4.55118337	NA	0.80323694	2.907			
463	syn_7 	265	24.5	16.1	34	0.12065417	5.68874843	NA	0.9802817	2.61			
464	syn_7 	266	21.8	16.8	34	0.10839159	5.75379553	0.2120795	2.4233697	2.512			
465	syn_7 	267	23	15.8	35	0.103145444	3.432459875	0.081593557	0.369492772	2.636			
466	syn_7 	268	24.5	15.4	34	NA	388.553.437	0.1362162	1.380.458.067	2.506			
467	syn_7 	269	19.5	15.6	34	NA	368.516.943	NA	0.39649923	1.56			
468	syn_7 	270	16	16.1	34	NA	192.760.767	NA	0.64420558	1.417			
469	syn_7 	271	23.5	16.1	34	NA	308.472.192	0.06192189	0.2512548	1.629			
470	syn_7 	272	23.4	15.8	NA	0.64088392	314.520.666	0.08225597	0.20502392	0.859			
471	syn_7 	273	20.5	16.6	34	NA	491.676.702	NA	398.961.658	0.7			
472	syn_7 	274	24	13.6	34	NA	929.448.892	0.35865647	479.394.157	0.767			
473	syn_7 	275	16.5	15	37	0.45541467	747.316.924	NA	340.940.811	0.687			
474	syn_7 	276	12.8	14.8	35	NA	560.788.915	0.22233358	194.980.151	1.902			
475	syn_7 	277	13.3	14.2	34	NA	335.568.200	NA	NA	2.096			
476	syn_7 	278											
477	syn_7 	279	15	15	34	0.59246255	473.112.511	0.29340584	335.872.437	3.596			
478	syn_7 	281	16	14.9	35	0.56071625	460.514.160	NA	0.77871442	2.764			
479	syn_7 	282	15	15	34	0.21646576	747.205.437	0.37307113	403.130.774	1.998			
480	syn_7 	283	15.7	15	34	0.26956796	568.920.077	NA	0.62883643	2.221			
481	syn_7 	284											
482	syn_7 	285	13	14.3	34	101.936.349	1.096.390.997	0.56482964	2.238.246.012	0.855			
483	syn_7 	286	13.5	14.2	34	0.50139971	802.320.554	0.32011347	643.173.978	0.605			
484	syn_7 	287	15	14	34	0.72139918	682.555.397	0.32735032	224.926.414	0.872			
485	syn_7 	288											
486	syn_7 	289	11.7	13	34	0.27584549	1.026.670.677	0.46426078	400.626.666	1.505			
487	syn_7 	290	12.8	13.1	34	0.61959417	925.552.032	0.42029521	342.771.250	1.673			
488	syn_7 	291	10	11.8	35	113.919.458	1.403.286.008	0.67735015	653.670.004	2.665			
489	syn_7 	292	9	11.5	34	NA	928.442.401	0.24797953	193.721.117	2.778			
490	syn_7 	293	13.7	12.2	34	0.31245337	669.121.430	NA	149.546.708	2.946			
491	syn_7 	295	9.5	11.3	34	0.34300256	697.263.111	NA	140.486.230	3.022			
492	syn_8	205	27	17.5	34	NA	NA	NA	NA	2.856			
493	syn_8	207	21	20	33	NA	NA	NA	NA	1.949			
494	syn_8	208	26	17	34	NA	NA	NA	NA	1.594			
495	syn_8	209	29	20	34	NA	NA	NA	NA	1.23			
496	syn_8	210	23	15	34	NA	NA	NA	NA	1.118			
497	syn_8	211	24	17	34	NA	NA	NA	NA	0.83			
498	syn_8	212	23	17.5	34	NA	NA	NA	NA	0.609			
499	syn_8	213	NA	19	33	NA	NA	NA	NA	0.46			
500	syn_8	214	23.5	18.3	NA	0.857251761	2.337330274	0.069182486	0.625133203	0.52			
501	syn_8	215	26.5	13.5	34	0.45992612	2.53344865	0.09660993	0.57640175	0.609			
502	syn_8	216	28.3	11	34	0.18212627	6.61638308	NA	1.21387498	1.016			
503	syn_8	217	25.5	NA	NA	0.86768967	7.05001699	0.33053471	2.40520795	1.601			
504	syn_8	218	28.5	13.5	34	0.69743456	6.32002733	0.19483969	2.94348612	1.941			
505	syn_8	219	23.5	11	34	0.75950658	5.57384693	0.20614744	1.79758424	2.479			
506	syn_8	220	26.5	11	34	0.37917359	4.44770123	0.24337135	1.75748877	2.899			
507	syn_8	221	26.5	12.8	34	NA	4.10791588	NA	NA	3.13			
508	syn_8	222	25.5	13.8	NA	0.21565437	3.99431553	0.10142842	0.31993432	2.477			
509	syn_8	223	20.8	15.8	NA	0.26956796	3.99431553	NA	1.42315613	2.153			
510	syn_8	224	24.3	18	34	0.86120177	2.79666094	NA	0.90450944	1.375			
511	syn_8	225	21.5	19.8	NA	0.663421426	2.891279198	0.106077048	0.346832485	1.36			
512	syn_8	226	23	18.5	34	1.39859995	2.11237865	NA	0.63125864	0.302			
513	syn_8	227	26.8	18	34	0.60610945	4.21971346	NA	NA	0.3			
514	syn_8	228	21.5	17.8	34	0.13728068	4.57914812	NA	1.47610915	0.166			
515	syn_8	229	30.5	14.5	34	0.13651523	4.99604763	0.16272107	2.41098874	0.533			
516	syn_8	230	21.5	16.5	34	0.52505727	3.45161568	NA	5.10852963	1.104			
517	syn_8	231	25.5	18.8	34	0.14743555	2.76116774	NA	NA	1.851			
518	syn_8	233	20.3	19.3	34	0.65253609	3.88623984	0.07189082	6.67253515	2.456			
519	syn_8	234	19.5	18.8	34	0.07227133	4.24216682	NA	7.36478308	2.813			
520	syn_8	235	NA	NA	34	NA	3.02969798	NA	1.24992589	2.996			
521	syn_8	236	17.8	NA	34	0.27492393	4.21989787	0.05520231	NA	2.847			
522	syn_8	237	NA	NA	32	0.47109591	5.21808205	0.28624272	1.72108027	2.833			
523	syn_8	238	23	17.8	34	0.22274232	7.12065515	0.2551114	3.91188988	1.848			
524	syn_8	239	21.3	17.8	34	NA	8.44858475	NA	1.24735746	1.601			
525	syn_8	240	23	18	34	NA	7.18331736	0.07581914	0.88218234	1.54			
526	syn_8	242	28.3	20	34	NA	8.70254607	0.08373814	2.35319588	0.92			
527	syn_8	244	27.5	20	NA	0.67201408	8.38006167	NA	1.26698903	0.707			
528	syn_8	246	24.8	16.8	34	0.57099117	8.13923172	0.1207861	0.78493458	1.556			
529	syn_8	248	22.8	16	34	1.3294906	9.55889026	0.22767358	2.85282762	2.279			
530	syn_8	249	24.5	15.3	34	NA	9.81178629	NA	NA	2.988			
531	syn_8	250	22.3	15.3	NA	0.22017042	7.85634114	0.2110399	2.07571329	3.232			
532	syn_8	252	22	16	34	NA	3.62048097	NA	NA	3.225			
533	syn_8	253	18.3	14.5	34	0.13557029	9.17461814	0.20596462	11.97060512	2.311			
534	syn_8	255	16.6	15.3	34	0.73863394	4.09706819	NA	2.22328082	0.908			
535	syn_8	256	18.3	16	34	NA	2.1538272	NA	1.26792339	0.717			
536	syn_8	257	21.3	16.2	34	0.20511208	5.66787229	NA	8.75177184	0.43			
537	syn_8	258	21.3	16.2	34	0.20511208	5.66787229	NA	8.75177184	0.43			
538	syn_8	259	19.7	15.4	35	1.41213507	8.60383916	0.21881931	1.64276403	1.021			
539	syn_8	260	15.8	15	NA	0.645455514	8.220016333	0.188656596	3.358025986	1.842			
540	syn_8	261	18.4	16.5	34	0.084449949	4.182439674	0.102966376	3.360362375	1.776			
541	syn_8	262	19.3	16	34	0.516553675	5.138416332	0.116435804	0.92503873	2.504			
542	syn_8	263	17	16.5	34	NA	2.47836526	NA	NA	2.902			
543	syn_8	264	16.8	16.3	35	NA	4.55118337	NA	0.80323694	2.907			
544	syn_8	265	24.5	16.1	34	0.12065417	5.68874843	NA	0.9802817	2.61			
545	syn_8	266	21.8	16.8	34	0.10839159	5.75379553	0.2120795	2.4233697	2.512			
546	syn_8	267	23	15.8	35	0.103145444	3.432459875	0.081593557	0.369492772	2.636			
547	syn_8	268	24.5	15.4	34	NA	388.553.437	0.1362162	1.380.458.067	2.506			
548	syn_8	269	19.5	15.6	34	NA	368.516.943	NA	0.39649923	1.56			
549	syn_8	270	16	16.1	34	NA	192.760.767	NA	0.64420558	1.417			
550	syn_8	271	23.5	16.1	34	NA	308.472.192	0.06192189	0.2512548	1.629			
551	syn_8	272	23.4	15.8	NA	0.64088392	314.520.666	0.08225597	0.20502392	0.859			
552	syn_8	273	20.5	16.6	34	NA	491.676.702	NA	398.961.658	0.7			
553	syn_8	275	16.5	15	37	0.45541467	747.316.924	NA	340.940.811	0.687			
554	syn_8	276	12.8	14.8	35	NA	560.788.915	0.22233358	194.980.151	1.902			
555	syn_8	277	13.3	14.2	34	NA	335.568.200	NA	NA	2.096			
556	syn_8	278											
557	syn_8	279	15	15	34	0.59246255	473.112.511	0.29340584	335.872.437	3.596			
558	syn_8	280	12	14.8	34	0.34422829	425.226.139	0.06827934	107.608.610	3.427			
559	syn_8	281	16	14.9	35	0.56071625	460.514.160	NA	0.77871442	2.764			
560	syn_8	282	15	15	34	0.21646576	747.205.437	0.37307113	403.130.774	1.998			
561	syn_8	284											
562	syn_8	285	13	14.3	34	101.936.349	1.096.390.997	0.56482964	2.238.246.012	0.855			
563	syn_8	286	13.5	14.2	34	0.50139971	802.320.554	0.32011347	643.173.978	0.605			
564	syn_8	289	11.7	13	34	0.27584549	1.026.670.677	0.46426078	400.626.666	1.505			
565	syn_9	248	22.8	16	34	1.3294906	9.55889026	0.22767358	2.85282762	2.279			
566	syn_9	249	24.5	15.3	34	NA	9.81178629	NA	NA	2.988			
567	syn_9	255	16.6	15.3	34	0.73863394	4.09706819	NA	2.22328082	0.908			
568	syn_9	256	18.3	16	34	NA	2.1538272	NA	1.26792339	0.717			
569	syn_9	257	21.3	16.2	34	0.20511208	5.66787229	NA	8.75177184	0.43			
570	syn_9	259	19.7	15.4	35	1.41213507	8.60383916	0.21881931	1.64276403	1.021			
571	syn_9	260	15.8	15	NA	0.645455514	8.220016333	0.188656596	3.358025986	1.842			
572	syn_9	261	18.4	16.5	34	0.084449949	4.182439674	0.102966376	3.360362375	1.776			
573	syn_9	263	17	16.5	34	NA	2.47836526	NA	NA	2.902			
574	syn_9	265	24.5	16.1	34	0.12065417	5.68874843	NA	0.9802817	2.61			
575	syn_9	266	21.8	16.8	34	0.10839159	5.75379553	0.2120795	2.4233697	2.512			
576	syn_9	267	23	15.8	35	0.103145444	3.432459875	0.081593557	0.369492772	2.636			
577	syn_9	274	24	13.6	34	NA	929.448.892	0.35865647	479.394.157	0.767			
578	syn_9	275	16.5	15	37	0.45541467	747.316.924	NA	340.940.811	0.687			
579	syn_9	276	12.8	14.8	35	NA	560.788.915	0.22233358	194.980.151	1.902			
580	syn_9	277	13.3	14.2	34	NA	335.568.200	NA	NA	2.096			
581	syn_9	278											
582	syn_9	279	15	15	34	0.59246255	473.112.511	0.29340584	335.872.437	3.596			
583	syn_9	280	12	14.8	34	0.34422829	425.226.139	0.06827934	107.608.610	3.427			
584	syn_9	281	16	14.9	35	0.56071625	460.514.160	NA	0.77871442	2.764			
585	syn_9	282	15	15	34	0.21646576	747.205.437	0.37307113	403.130.774	1.998			
586	syn_9	283	15.7	15	34	0.26956796	568.920.077	NA	0.62883643	2.221			
587	syn_9	284											
588	syn_9	285	13	14.3	34	101.936.349	1.096.390.997	0.56482964	2.238.246.012	0.855			
589	syn_9	286	13.5	14.2	34	0.50139971	802.320.554	0.32011347	643.173.978	0.605			
590	syn_9	287	15	14	34	0.72139918	682.555.397	0.32735032	224.926.414	0.872			
591	syn_9	288											
592	syn_9	289	11.7	13	34	0.27584549	1.026.670.677	0.46426078	400.626.666	1.505			
593	syn_9	290	12.8	13.1	34	0.61959417	925.552.032	0.42029521	342.771.250	1.673			
594	syn_9	291	10	11.8	35	113.919.458	1.403.286.008	0.67735015	653.670.004	2.665			
595	syn_9	292	9	11.5	34	NA	928.442.401	0.24797953	193.721.117	2.778			
596	syn_9	293	13.7	12.2	34	0.31245337	669.121.430	NA	149.546.708	2.946			
597	syn_9	294	13.5	12	34	0.44648775	786.365.667	NA	157.456.749	3.232			
598	syn_9	295	9.5	11.3	34	0.34300256	697.263.111	NA	140.486.230	3.022			
599	syn_9	296	8.7	11.2	35	0.34792908	840.643.114	0.31871464	368.415.534	2.655			
600	syn_10	225	21.5	19.8	NA	0.663421426	2.891279198	0.106077048	0.346832485	1.36			
601	syn_10	226	23	18.5	34	1.39859995	2.11237865	NA	0.63125864	0.302			
602	syn_10	227	26.8	18	34	0.60610945	4.21971346	NA	NA	0.3			
603	syn_10	228	21.5	17.8	34	0.13728068	4.57914812	NA	1.47610915	0.166			
604	syn_10	229	30.5	14.5	34	0.13651523	4.99604763	0.16272107	2.41098874	0.533			
605	syn_10	230	21.5	16.5	34	0.52505727	3.45161568	NA	5.10852963	1.104			
606	syn_10	231	25.5	18.8	34	0.14743555	2.76116774	NA	NA	1.851			
607	syn_10	233	20.3	19.3	34	0.65253609	3.88623984	0.07189082	6.67253515	2.456			
608	syn_10	234	19.5	18.8	34	0.07227133	4.24216682	NA	7.36478308	2.813			
609	syn_10	235	NA	NA	34	NA	3.02969798	NA	1.24992589	2.996			
610	syn_10	236	17.8	NA	34	0.27492393	4.21989787	0.05520231	NA	2.847			
611	syn_10	237	NA	NA	32	0.47109591	5.21808205	0.28624272	1.72108027	2.833			
612	syn_10	238	23	17.8	34	0.22274232	7.12065515	0.2551114	3.91188988	1.848			
613	syn_10	239	21.3	17.8	34	NA	8.44858475	NA	1.24735746	1.601			
614	syn_10	240	23	18	34	NA	7.18331736	0.07581914	0.88218234	1.54			
615	syn_10	241	28.9	18.6	34	0.3042622	9.6138788	0.16589333	5.33803892	1.34			
616	syn_10	242	28.3	20	34	NA	8.70254607	0.08373814	2.35319588	0.92			
617	syn_10	243	31.8	20	34	0.40162698	8.29204861	0.15707403	1.63700583	0.816			
618	syn_10	244	27.5	20	NA	0.67201408	8.38006167	NA	1.26698903	0.707			
619	syn_10	245	31	20.8	34	0.47165878	6.42046635	0.17623048	2.14191335	0.749			
620	syn_10	246	24.8	16.8	34	0.57099117	8.13923172	0.1207861	0.78493458	1.556			
621	syn_10	248	22.8	16	34	1.3294906	9.55889026	0.22767358	2.85282762	2.279			
622	syn_10	249	24.5	15.3	34	NA	9.81178629	NA	NA	2.988			
623	syn_10	250	22.3	15.3	NA	0.22017042	7.85634114	0.2110399	2.07571329	3.232			
624	syn_10	251	24.5	14	35	0.44662338	9.79259867	0.4957588	6.28316885	3.544			
625	syn_10	252	22	16	34	NA	3.62048097	NA	NA	3.225			
626	syn_10	253	18.3	14.5	34	0.13557029	9.17461814	0.20596462	11.97060512	2.311			
627	syn_10	255	16.6	15.3	34	0.73863394	4.09706819	NA	2.22328082	0.908			
628	syn_10	256	18.3	16	34	NA	2.1538272	NA	1.26792339	0.717			
629	syn_10	257	21.3	16.2	34	0.20511208	5.66787229	NA	8.75177184	0.43			
630	syn_10	258	21.3	16.2	34	0.20511208	5.66787229	NA	8.75177184	0.43			
631	syn_10	259	19.7	15.4	35	1.41213507	8.60383916	0.21881931	1.64276403	1.021			
632	syn_10	260	15.8	15	NA	0.645455514	8.220016333	0.188656596	3.358025986	1.842			
633	syn_10	261	18.4	16.5	34	0.084449949	4.182439674	0.102966376	3.360362375	1.776			
634	syn_10	262	19.3	16	34	0.516553675	5.138416332	0.116435804	0.92503873	2.504			
635	syn_10	263	17	16.5	34	NA	2.47836526	NA	NA	2.902			
636	syn_10	264	16.8	16.3	35	NA	4.55118337	NA	0.80323694	2.907			
637	syn_10	265	24.5	16.1	34	0.12065417	5.68874843	NA	0.9802817	2.61			
638	syn_10	266	21.8	16.8	34	0.10839159	5.75379553	0.2120795	2.4233697	2.512			
639	syn_10	267	23	15.8	35	0.103145444	3.432459875	0.081593557	0.369492772	2.636			
640	syn_10	268	24.5	15.4	34	NA	388.553.437	0.1362162	1.380.458.067	2.506			
641	syn_10	269	19.5	15.6	34	NA	368.516.943	NA	0.39649923	1.56			
642	syn_10	270	16	16.1	34	NA	192.760.767	NA	0.64420558	1.417			
643	syn_10	271	23.5	16.1	34	NA	308.472.192	0.06192189	0.2512548	1.629			
644	syn_10	272	23.4	15.8	NA	0.64088392	314.520.666	0.08225597	0.20502392	0.859			
645	syn_10	273	20.5	16.6	34	NA	491.676.702	NA	398.961.658	0.7			
646	syn_10	274	24	13.6	34	NA	929.448.892	0.35865647	479.394.157	0.767			
647	syn_10	275	16.5	15	37	0.45541467	747.316.924	NA	340.940.811	0.687			
648	syn_10	276	12.8	14.8	35	NA	560.788.915	0.22233358	194.980.151	1.902			
649	syn_10	277	13.3	14.2	34	NA	335.568.200	NA	NA	2.096			
650	syn_10	279	15	15	34	0.59246255	473.112.511	0.29340584	335.872.437	3.596			
651	syn_10	280	12	14.8	34	0.34422829	425.226.139	0.06827934	107.608.610	3.427			
652	syn_10	281	16	14.9	35	0.56071625	460.514.160	NA	0.77871442	2.764			
653	syn_10	282	15	15	34	0.21646576	747.205.437	0.37307113	403.130.774	1.998			
654	syn_10	283	15.7	15	34	0.26956796	568.920.077	NA	0.62883643	2.221			
655	syn_10	284											
656	syn_10	285	13	14.3	34	101.936.349	1.096.390.997	0.56482964	2.238.246.012	0.855			
657	syn_10	286	13.5	14.2	34	0.50139971	802.320.554	0.32011347	643.173.978	0.605			
658	syn_10	287	15	14	34	0.72139918	682.555.397	0.32735032	224.926.414	0.872			
659	syn_10	288											
660	syn_10	289	11.7	13	34	0.27584549	1.026.670.677	0.46426078	400.626.666	1.505			
661	syn_10	290	12.8	13.1	34	0.61959417	925.552.032	0.42029521	342.771.250	1.673			
662	syn_10	291	10	11.8	35	113.919.458	1.403.286.008	0.67735015	653.670.004	2.665			
663	syn_10	292	9	11.5	34	NA	928.442.401	0.24797953	193.721.117	2.778			
664	syn_10	293	13.7	12.2	34	0.31245337	669.121.430	NA	149.546.708	2.946			
665	syn_10	294	13.5	12	34	0.44648775	786.365.667	NA	157.456.749	3.232			
666	syn_10	295	9.5	11.3	34	0.34300256	697.263.111	NA	140.486.230	3.022			
667	syn_10	296	8.7	11.2	35	0.34792908	840.643.114	0.31871464	368.415.534	2.655			
668	syn_11	236	17.8	NA	34	0.27492393	4.21989787	0.05520231	NA	2.847			
669	syn_11	240	23	18	34	NA	7.18331736	0.07581914	0.88218234	1.54			
670	syn_11	241	28.9	18.6	34	0.3042622	9.6138788	0.16589333	5.33803892	1.34			
671	syn_11	242	28.3	20	34	NA	8.70254607	0.08373814	2.35319588	0.92			
672	syn_11	243	31.8	20	34	0.40162698	8.29204861	0.15707403	1.63700583	0.816			
673	syn_11	244	27.5	20	NA	0.67201408	8.38006167	NA	1.26698903	0.707			
674	syn_11	245	31	20.8	34	0.47165878	6.42046635	0.17623048	2.14191335	0.749			
675	syn_11	246	24.8	16.8	34	0.57099117	8.13923172	0.1207861	0.78493458	1.556			
676	syn_11	247	24.5	19.5	34	0.72933438	6.26473726	0.17687965	0.36307309	1.647			
677	syn_11	248	22.8	16	34	1.3294906	9.55889026	0.22767358	2.85282762	2.279			
678	syn_11	249	24.5	15.3	34	NA	9.81178629	NA	NA	2.988			
679	syn_11	250	22.3	15.3	NA	0.22017042	7.85634114	0.2110399	2.07571329	3.232			
680	syn_11	251	24.5	14	35	0.44662338	9.79259867	0.4957588	6.28316885	3.544			
681	syn_11	252	22	16	34	NA	3.62048097	NA	NA	3.225			
682	syn_11	253	18.3	14.5	34	0.13557029	9.17461814	0.20596462	11.97060512	2.311			
683	syn_11	255	16.6	15.3	34	0.73863394	4.09706819	NA	2.22328082	0.908			
684	syn_11	256	18.3	16	34	NA	2.1538272	NA	1.26792339	0.717			
685	syn_11	257	21.3	16.2	34	0.20511208	5.66787229	NA	8.75177184	0.43			
686	syn_11	258	21.3	16.2	34	0.20511208	5.66787229	NA	8.75177184	0.43			
687	syn_11	259	19.7	15.4	35	1.41213507	8.60383916	0.21881931	1.64276403	1.021			
688	syn_11	260	15.8	15	NA	0.645455514	8.220016333	0.188656596	3.358025986	1.842			
689	syn_11	261	18.4	16.5	34	0.084449949	4.182439674	0.102966376	3.360362375	1.776			
690	syn_11	262	19.3	16	34	0.516553675	5.138416332	0.116435804	0.92503873	2.504			
691	syn_11	263	17	16.5	34	NA	2.47836526	NA	NA	2.902			
692	syn_11	264	16.8	16.3	35	NA	4.55118337	NA	0.80323694	2.907			
693	syn_11	265	24.5	16.1	34	0.12065417	5.68874843	NA	0.9802817	2.61			
694	syn_11	266	21.8	16.8	34	0.10839159	5.75379553	0.2120795	2.4233697	2.512			
695	syn_11	267	23	15.8	35	0.103145444	3.432459875	0.081593557	0.369492772	2.636			
696	syn_11	268	24.5	15.4	34	NA	388.553.437	0.1362162	1.380.458.067	2.506			
697	syn_11	270	16	16.1	34	NA	192.760.767	NA	0.64420558	1.417			
698	syn_11	272	23.4	15.8	NA	0.64088392	314.520.666	0.08225597	0.20502392	0.859			
699	syn_11	274	24	13.6	34	NA	929.448.892	0.35865647	479.394.157	0.767			
700	syn_11	275	16.5	15	37	0.45541467	747.316.924	NA	340.940.811	0.687			
701	syn_11	277	13.3	14.2	34	NA	335.568.200	NA	NA	2.096			
702	syn_11	280	12	14.8	34	0.34422829	425.226.139	0.06827934	107.608.610	3.427			
703	syn_11	281	16	14.9	35	0.56071625	460.514.160	NA	0.77871442	2.764			
704	syn_11	282	15	15	34	0.21646576	747.205.437	0.37307113	403.130.774	1.998			
705	syn_11	284											
706	syn_11	285	13	14.3	34	101.936.349	1.096.390.997	0.56482964	2.238.246.012	0.855			
707	syn_11	286	13.5	14.2	34	0.50139971	802.320.554	0.32011347	643.173.978	0.605			
708	syn_11	287	15	14	34	0.72139918	682.555.397	0.32735032	224.926.414	0.872			
709	syn_11	288											
710	syn_11	289	11.7	13	34	0.27584549	1.026.670.677	0.46426078	400.626.666	1.505			
711	syn_11	290	12.8	13.1	34	0.61959417	925.552.032	0.42029521	342.771.250	1.673			
712	syn_11	291	10	11.8	35	113.919.458	1.403.286.008	0.67735015	653.670.004	2.665			
713	syn_11	292	9	11.5	34	NA	928.442.401	0.24797953	193.721.117	2.778			
714	syn_11	293	13.7	12.2	34	0.31245337	669.121.430	NA	149.546.708	2.946			
715	syn_11	294	13.5	12	34	0.44648775	786.365.667	NA	157.456.749	3.232			
716	syn_11	295	9.5	11.3	34	0.34300256	697.263.111	NA	140.486.230	3.022			
717	syn_11	296	8.7	11.2	35	0.34792908	840.643.114	0.31871464	368.415.534	2.655			
718	syn_12	205	27	17.5	34	NA	NA	NA	NA	2.856			
719	syn_12	208	26	17	34	NA	NA	NA	NA	1.594			
720	syn_12	209	29	20	34	NA	NA	NA	NA	1.23			
721	syn_12	210	23	15	34	NA	NA	NA	NA	1.118			
722	syn_12	212	23	17.5	34	NA	NA	NA	NA	0.609			
723	syn_12	214	23.5	18.3	NA	0.857251761	2.337330274	0.069182486	0.625133203	0.52			
724	syn_12	215	26.5	13.5	34	0.45992612	2.53344865	0.09660993	0.57640175	0.609			
725	syn_12	216	28.3	11	34	0.18212627	6.61638308	NA	1.21387498	1.016			
726	syn_12	217	25.5	NA	NA	0.86768967	7.05001699	0.33053471	2.40520795	1.601			
727	syn_12	218	28.5	13.5	34	0.69743456	6.32002733	0.19483969	2.94348612	1.941			
728	syn_12	219	23.5	11	34	0.75950658	5.57384693	0.20614744	1.79758424	2.479			
729	syn_12	220	26.5	11	34	0.37917359	4.44770123	0.24337135	1.75748877	2.899			
730	syn_12	221	26.5	12.8	34	NA	4.10791588	NA	NA	3.13			
731	syn_12	222	25.5	13.8	NA	0.21565437	3.99431553	0.10142842	0.31993432	2.477			
732	syn_12	223	20.8	15.8	NA	0.26956796	3.99431553	NA	1.42315613	2.153			
733	syn_12	224	24.3	18	34	0.86120177	2.79666094	NA	0.90450944	1.375			
734	syn_12	225	21.5	19.8	NA	0.663421426	2.891279198	0.106077048	0.346832485	1.36			
735	syn_12	226	23	18.5	34	1.39859995	2.11237865	NA	0.63125864	0.302			
736	syn_12	227	26.8	18	34	0.60610945	4.21971346	NA	NA	0.3			
737	syn_12	229	30.5	14.5	34	0.13651523	4.99604763	0.16272107	2.41098874	0.533			
738	syn_12	230	21.5	16.5	34	0.52505727	3.45161568	NA	5.10852963	1.104			
739	syn_12	234	19.5	18.8	34	0.07227133	4.24216682	NA	7.36478308	2.813			
740	syn_12	248	22.8	16	34	1.3294906	9.55889026	0.22767358	2.85282762	2.279			
741	syn_12	249	24.5	15.3	34	NA	9.81178629	NA	NA	2.988			
742	syn_12	250	22.3	15.3	NA	0.22017042	7.85634114	0.2110399	2.07571329	3.232			
743	syn_12	251	24.5	14	35	0.44662338	9.79259867	0.4957588	6.28316885	3.544			
744	syn_12	252	22	16	34	NA	3.62048097	NA	NA	3.225			
745	syn_12	253	18.3	14.5	34	0.13557029	9.17461814	0.20596462	11.97060512	2.311			
746	syn_12	260	15.8	15	NA	0.645455514	8.220016333	0.188656596	3.358025986	1.842			
747	syn_12	265	24.5	16.1	34	0.12065417	5.68874843	NA	0.9802817	2.61			
748	syn_12	269	19.5	15.6	34	NA	368.516.943	NA	0.39649923	1.56			
749	syn_12	274	24	13.6	34	NA	929.448.892	0.35865647	479.394.157	0.767			
750	syn_12	275	16.5	15	37	0.45541467	747.316.924	NA	340.940.811	0.687			
751	syn_12	276	12.8	14.8	35	NA	560.788.915	0.22233358	194.980.151	1.902			
752	syn_12	282	15	15	34	0.21646576	747.205.437	0.37307113	403.130.774	1.998			
753	syn_12	285	13	14.3	34	101.936.349	1.096.390.997	0.56482964	2.238.246.012	0.855			
754	syn_12	287	15	14	34	0.72139918	682.555.397	0.32735032	224.926.414	0.872			
755	syn_12	289	11.7	13	34	0.27584549	1.026.670.677	0.46426078	400.626.666	1.505			
756	syn_12	290	12.8	13.1	34	0.61959417	925.552.032	0.42029521	342.771.250	1.673			
757	syn_12	291	10	11.8	35	113.919.458	1.403.286.008	0.67735015	653.670.004	2.665			
758	syn_12	292	9	11.5	34	NA	928.442.401	0.24797953	193.721.117	2.778			
759	syn_12	293	13.7	12.2	34	0.31245337	669.121.430	NA	149.546.708	2.946			
760	syn_12	294	13.5	12	34	0.44648775	786.365.667	NA	157.456.749	3.232			
761	syn_12	295	9.5	11.3	34	0.34300256	697.263.111	NA	140.486.230	3.022			
762	syn_12	296	8.7	11.2	35	0.34792908	840.643.114	0.31871464	368.415.534	2.655			
763	syn_13	209	29	20	34	NA	NA	NA	NA	1.23			
764	syn_13	211	24	17	34	NA	NA	NA	NA	0.83			
765	syn_13	212	23	17.5	34	NA	NA	NA	NA	0.609			
766	syn_13	213	NA	19	33	NA	NA	NA	NA	0.46			
767	syn_13	214	23.5	18.3	NA	0.857251761	2.337330274	0.069182486	0.625133203	0.52			
768	syn_13	215	26.5	13.5	34	0.45992612	2.53344865	0.09660993	0.57640175	0.609			
769	syn_13	216	28.3	11	34	0.18212627	6.61638308	NA	1.21387498	1.016			
770	syn_13	217	25.5	NA	NA	0.86768967	7.05001699	0.33053471	2.40520795	1.601			
771	syn_13	218	28.5	13.5	34	0.69743456	6.32002733	0.19483969	2.94348612	1.941			
772	syn_13	219	23.5	11	34	0.75950658	5.57384693	0.20614744	1.79758424	2.479			
773	syn_13	220	26.5	11	34	0.37917359	4.44770123	0.24337135	1.75748877	2.899			
774	syn_13	221	26.5	12.8	34	NA	4.10791588	NA	NA	3.13			
775	syn_13	222	25.5	13.8	NA	0.21565437	3.99431553	0.10142842	0.31993432	2.477			
776	syn_13	223	20.8	15.8	NA	0.26956796	3.99431553	NA	1.42315613	2.153			
777	syn_13	225	21.5	19.8	NA	0.663421426	2.891279198	0.106077048	0.346832485	1.36			
778	syn_13	226	23	18.5	34	1.39859995	2.11237865	NA	0.63125864	0.302			
779	syn_13	227	26.8	18	34	0.60610945	4.21971346	NA	NA	0.3			
780	syn_13	228	21.5	17.8	34	0.13728068	4.57914812	NA	1.47610915	0.166			
781	syn_13	229	30.5	14.5	34	0.13651523	4.99604763	0.16272107	2.41098874	0.533			
782	syn_13	230	21.5	16.5	34	0.52505727	3.45161568	NA	5.10852963	1.104			
783	syn_13	231	25.5	18.8	34	0.14743555	2.76116774	NA	NA	1.851			
784	syn_13	233	20.3	19.3	34	0.65253609	3.88623984	0.07189082	6.67253515	2.456			
785	syn_13	234	19.5	18.8	34	0.07227133	4.24216682	NA	7.36478308	2.813			
786	syn_13	235	NA	NA	34	NA	3.02969798	NA	1.24992589	2.996			
787	syn_13	236	17.8	NA	34	0.27492393	4.21989787	0.05520231	NA	2.847			
788	syn_13	239	21.3	17.8	34	NA	8.44858475	NA	1.24735746	1.601			
789	syn_13	240	23	18	34	NA	7.18331736	0.07581914	0.88218234	1.54			
790	syn_13	241	28.9	18.6	34	0.3042622	9.6138788	0.16589333	5.33803892	1.34			
791	syn_13	246	24.8	16.8	34	0.57099117	8.13923172	0.1207861	0.78493458	1.556			
792	syn_13	248	22.8	16	34	1.3294906	9.55889026	0.22767358	2.85282762	2.279			
793	syn_13	249	24.5	15.3	34	NA	9.81178629	NA	NA	2.988			
794	syn_13	250	22.3	15.3	NA	0.22017042	7.85634114	0.2110399	2.07571329	3.232			
795	syn_13	251	24.5	14	35	0.44662338	9.79259867	0.4957588	6.28316885	3.544			
796	syn_13	252	22	16	34	NA	3.62048097	NA	NA	3.225			
797	syn_13	253	18.3	14.5	34	0.13557029	9.17461814	0.20596462	11.97060512	2.311			
798	syn_13	255	16.6	15.3	34	0.73863394	4.09706819	NA	2.22328082	0.908			
799	syn_13	256	18.3	16	34	NA	2.1538272	NA	1.26792339	0.717			
800	syn_13	257	21.3	16.2	34	0.20511208	5.66787229	NA	8.75177184	0.43			
801	syn_13	258	21.3	16.2	34	0.20511208	5.66787229	NA	8.75177184	0.43			
802	syn_13	259	19.7	15.4	35	1.41213507	8.60383916	0.21881931	1.64276403	1.021			
803	syn_13	260	15.8	15	NA	0.645455514	8.220016333	0.188656596	3.358025986	1.842			
804	syn_13	261	18.4	16.5	34	0.084449949	4.182439674	0.102966376	3.360362375	1.776			
805	syn_13	262	19.3	16	34	0.516553675	5.138416332	0.116435804	0.92503873	2.504			
806	syn_13	263	17	16.5	34	NA	2.47836526	NA	NA	2.902			
807	syn_13	264	16.8	16.3	35	NA	4.55118337	NA	0.80323694	2.907			
808	syn_13	265	24.5	16.1	34	0.12065417	5.68874843	NA	0.9802817	2.61			
809	syn_13	266	21.8	16.8	34	0.10839159	5.75379553	0.2120795	2.4233697	2.512			
810	syn_13	267	23	15.8	35	0.103145444	3.432459875	0.081593557	0.369492772	2.636			
811	syn_13	268	24.5	15.4	34	NA	388.553.437	0.1362162	1.380.458.067	2.506			
812	syn_13	269	19.5	15.6	34	NA	368.516.943	NA	0.39649923	1.56			
813	syn_13	271	23.5	16.1	34	NA	308.472.192	0.06192189	0.2512548	1.629			
814	syn_13	272	23.4	15.8	NA	0.64088392	314.520.666	0.08225597	0.20502392	0.859			
815	syn_13	274	24	13.6	34	NA	929.448.892	0.35865647	479.394.157	0.767			
816	syn_13	275	16.5	15	37	0.45541467	747.316.924	NA	340.940.811	0.687			
817	syn_13	276	12.8	14.8	35	NA	560.788.915	0.22233358	194.980.151	1.902			
818	syn_13	277	13.3	14.2	34	NA	335.568.200	NA	NA	2.096			
819	syn_13	278											
820	syn_13	279	15	15	34	0.59246255	473.112.511	0.29340584	335.872.437	3.596			
821	syn_13	280	12	14.8	34	0.34422829	425.226.139	0.06827934	107.608.610	3.427			
822	syn_13	281	16	14.9	35	0.56071625	460.514.160	NA	0.77871442	2.764			
823	syn_13	282	15	15	34	0.21646576	747.205.437	0.37307113	403.130.774	1.998			
824	syn_13	283	15.7	15	34	0.26956796	568.920.077	NA	0.62883643	2.221			
825	syn_13	284											
826	syn_13	286	13.5	14.2	34	0.50139971	802.320.554	0.32011347	643.173.978	0.605			
827	syn_13	287	15	14	34	0.72139918	682.555.397	0.32735032	224.926.414	0.872			
828	syn_13	288											
829	syn_13	289	11.7	13	34	0.27584549	1.026.670.677	0.46426078	400.626.666	1.505			
830	syn_13	293	13.7	12.2	34	0.31245337	669.121.430	NA	149.546.708	2.946			
831	syn_13	295	9.5	11.3	34	0.34300256	697.263.111	NA	140.486.230	3.022			
832	syn_13	296	8.7	11.2	35	0.34792908	840.643.114	0.31871464	368.415.534	2.655			
833	syn_14	206	NA	NA	NA	NA	NA	NA	NA	2.605			
834	syn_14	207	21	20	33	NA	NA	NA	NA	1.949			
835	syn_14	208	26	17	34	NA	NA	NA	NA	1.594			
836	syn_14	211	24	17	34	NA	NA	NA	NA	0.83			
837	syn_14	214	23.5	18.3	NA	0.857251761	2.337330274	0.069182486	0.625133203	0.52			
838	syn_14	216	28.3	11	34	0.18212627	6.61638308	NA	1.21387498	1.016			
839	syn_14	221	26.5	12.8	34	NA	4.10791588	NA	NA	3.13			
840	syn_14	222	25.5	13.8	NA	0.21565437	3.99431553	0.10142842	0.31993432	2.477			
841	syn_14	223	20.8	15.8	NA	0.26956796	3.99431553	NA	1.42315613	2.153			
842	syn_14	225	21.5	19.8	NA	0.663421426	2.891279198	0.106077048	0.346832485	1.36			
843	syn_14	226	23	18.5	34	1.39859995	2.11237865	NA	0.63125864	0.302			
844	syn_14	227	26.8	18	34	0.60610945	4.21971346	NA	NA	0.3			
845	syn_14	228	21.5	17.8	34	0.13728068	4.57914812	NA	1.47610915	0.166			
846	syn_14	229	30.5	14.5	34	0.13651523	4.99604763	0.16272107	2.41098874	0.533			
847	syn_14	233	20.3	19.3	34	0.65253609	3.88623984	0.07189082	6.67253515	2.456			
848	syn_14	245	31	20.8	34	0.47165878	6.42046635	0.17623048	2.14191335	0.749			
849	syn_14	248	22.8	16	34	1.3294906	9.55889026	0.22767358	2.85282762	2.279			
850	syn_14	252	22	16	34	NA	3.62048097	NA	NA	3.225			
851	syn_14	260	15.8	15	NA	0.645455514	8.220016333	0.188656596	3.358025986	1.842			
852	syn_14	261	18.4	16.5	34	0.084449949	4.182439674	0.102966376	3.360362375	1.776			
853	syn_14	274	24	13.6	34	NA	929.448.892	0.35865647	479.394.157	0.767			
854	syn_14	275	16.5	15	37	0.45541467	747.316.924	NA	340.940.811	0.687			
855	syn_14	276	12.8	14.8	35	NA	560.788.915	0.22233358	194.980.151	1.902			
856	syn_14	277	13.3	14.2	34	NA	335.568.200	NA	NA	2.096			
857	syn_14	278											
858	syn_14	279	15	15	34	0.59246255	473.112.511	0.29340584	335.872.437	3.596			
859	syn_14	280	12	14.8	34	0.34422829	425.226.139	0.06827934	107.608.610	3.427			
860	syn_14	281	16	14.9	35	0.56071625	460.514.160	NA	0.77871442	2.764			
861	syn_14	282	15	15	34	0.21646576	747.205.437	0.37307113	403.130.774	1.998			
862	syn_14	283	15.7	15	34	0.26956796	568.920.077	NA	0.62883643	2.221			
863	syn_14	284											
864	syn_14	285	13	14.3	34	101.936.349	1.096.390.997	0.56482964	2.238.246.012	0.855			
865	syn_14	286	13.5	14.2	34	0.50139971	802.320.554	0.32011347	643.173.978	0.605			
866	syn_14	287	15	14	34	0.72139918	682.555.397	0.32735032	224.926.414	0.872			
867	syn_14	288											
868	syn_14	289	11.7	13	34	0.27584549	1.026.670.677	0.46426078	400.626.666	1.505			
869	syn_14	290	12.8	13.1	34	0.61959417	925.552.032	0.42029521	342.771.250	1.673			
870	syn_14	291	10	11.8	35	113.919.458	1.403.286.008	0.67735015	653.670.004	2.665			
871	syn_14	292	9	11.5	34	NA	928.442.401	0.24797953	193.721.117	2.778			
872	syn_14	293	13.7	12.2	34	0.31245337	669.121.430	NA	149.546.708	2.946			
873	syn_14	294	13.5	12	34	0.44648775	786.365.667	NA	157.456.749	3.232			
874	syn_14	295	9.5	11.3	34	0.34300256	697.263.111	NA	140.486.230	3.022			
875	syn_14	296	8.7	11.2	35	0.34792908	840.643.114	0.31871464	368.415.534	2.655			
876	syn_15	216	28.3	11	34	0.18212627	6.61638308	NA	1.21387498	1.016			
877	syn_15	217	25.5	NA	NA	0.86768967	7.05001699	0.33053471	2.40520795	1.601			
878	syn_15	222	25.5	13.8	NA	0.21565437	3.99431553	0.10142842	0.31993432	2.477			
879	syn_15	234	19.5	18.8	34	0.07227133	4.24216682	NA	7.36478308	2.813			
880	syn_15	251	24.5	14	35	0.44662338	9.79259867	0.4957588	6.28316885	3.544			
881	syn_15	252	22	16	34	NA	3.62048097	NA	NA	3.225			
882	syn_15	253	18.3	14.5	34	0.13557029	9.17461814	0.20596462	11.97060512	2.311			
883	syn_15	255	16.6	15.3	34	0.73863394	4.09706819	NA	2.22328082	0.908			
884	syn_15	256	18.3	16	34	NA	2.1538272	NA	1.26792339	0.717			
885	syn_15	259	19.7	15.4	35	1.41213507	8.60383916	0.21881931	1.64276403	1.021			
886	syn_15	261	15.8	15	NA	0.645455514	8.220016333	0.188656596	3.358025986	1.842			
887	syn_15	262	18.4	16.5	34	0.084449949	4.182439674	0.102966376	3.360362375	1.776			
888	syn_15	263	19.3	16	34	0.516553675	5.138416332	0.116435804	0.92503873	2.504			
889	syn_15	266	17	16.5	34	NA	2.47836526	NA	NA	2.902			
890	syn_15	272	23.4	15.8	NA	0.64088392	314.520.666	0.08225597	0.20502392	0.859			
891	syn_15	274	24	13.6	34	NA	929.448.892	0.35865647	479.394.157	0.767			
892	syn_15	275	16.5	15	37	0.45541467	747.316.924	NA	340.940.811	0.687			
893	syn_15	276	12.8	14.8	35	NA	560.788.915	0.22233358	194.980.151	1.902			
894	syn_15	277	13.3	14.2	34	NA	335.568.200	NA	NA	2.096			
895	syn_15	278											
896	syn_15	279	15	15	34	0.59246255	473.112.511	0.29340584	335.872.437	3.596			
897	syn_15	280	12	14.8	34	0.34422829	425.226.139	0.06827934	107.608.610	3.427			
898	syn_15	281	16	14.9	35	0.56071625	460.514.160	NA	0.77871442	2.764			
899	syn_15	282	15	15	34	0.21646576	747.205.437	0.37307113	403.130.774	1.998			
900	syn_15	283	15.7	15	34	0.26956796	568.920.077	NA	0.62883643	2.221			
901	syn_15	284											
902	syn_15	285	13	14.3	34	101.936.349	1.096.390.997	0.56482964	2.238.246.012	0.855			
903	syn_15	286	13.5	14.2	34	0.50139971	802.320.554	0.32011347	643.173.978	0.605			
904	syn_15	287	15	14	34	0.72139918	682.555.397	0.32735032	224.926.414	0.872			
905	syn_15	288											
906	syn_15	289	11.7	13	34	0.27584549	1.026.670.677	0.46426078	400.626.666	1.505			
907	syn_15	290	12.8	13.1	34	0.61959417	925.552.032	0.42029521	342.771.250	1.673			
908	syn_15	291	10	11.8	35	113.919.458	1.403.286.008	0.67735015	653.670.004	2.665			
909	syn_15	292	9	11.5	34	NA	928.442.401	0.24797953	193.721.117	2.778			
910	syn_15	293	13.7	12.2	34	0.31245337	669.121.430	NA	149.546.708	2.946			
911	syn_15	294	13.5	12	34	0.44648775	786.365.667	NA	157.456.749	3.232			
912	syn_15	295	9.5	11.3	34	0.34300256	697.263.111	NA	140.486.230	3.022			
913	syn_15	296	8.7	11.2	35	0.34792908	840.643.114	0.31871464	368.415.534	2.655			
914	syn_16	256	18.3	16	34	NA	2.1538272	NA	1.26792339	0.717			
915	syn_16	257	21.3	16.2	34	0.20511208	5.66787229	NA	8.75177184	0.43			
916	syn_16	258	21.3	16.2	34	0.20511208	5.66787229	NA	8.75177184	0.43			
917	syn_16	259	19.7	15.4	35	1.41213507	8.60383916	0.21881931	1.64276403	1.021			
918	syn_16	260	15.8	15	NA	0.645455514	8.220016333	0.188656596	3.358025986	1.842			
919	syn_16	261	18.4	16.5	34	0.084449949	4.182439674	0.102966376	3.360362375	1.776			
920	syn_16	262	19.3	16	34	0.516553675	5.138416332	0.116435804	0.92503873	2.504			
921	syn_16	263	17	16.5	34	NA	2.47836526	NA	NA	2.902			
922	syn_16	264	16.8	16.3	35	NA	4.55118337	NA	0.80323694	2.907			
923	syn_16	265	24.5	16.1	34	0.12065417	5.68874843	NA	0.9802817	2.61			
924	syn_16	266	21.8	16.8	34	0.10839159	5.75379553	0.2120795	2.4233697	2.512			
925	syn_16	267	23	15.8	35	0.103145444	3.432459875	0.081593557	0.369492772	2.636			
926	syn_16	268	24.5	15.4	34	NA	388.553.437	0.1362162	1.380.458.067	2.506			
927	syn_16	272	23.4	15.8	NA	0.64088392	314.520.666	0.08225597	0.20502392	0.859			
928	syn_16	273	20.5	16.6	34	NA	491.676.702	NA	398.961.658	0.7			
929	syn_16	274	24	13.6	34	NA	929.448.892	0.35865647	479.394.157	0.767			
930	syn_16	275	16.5	15	37	0.45541467	747.316.924	NA	340.940.811	0.687			
931	syn_16	276	12.8	14.8	35	NA	560.788.915	0.22233358	194.980.151	1.902			
932	syn_16	277	13.3	14.2	34	NA	335.568.200	NA	NA	2.096			
933	syn_16	278											
934	syn_16	279	15	15	34	0.59246255	473.112.511	0.29340584	335.872.437	3.596			
935	syn_16	280	12	14.8	34	0.34422829	425.226.139	0.06827934	107.608.610	3.427			
936	syn_16	281	16	14.9	35	0.56071625	460.514.160	NA	0.77871442	2.764			
937	syn_16	282	15	15	34	0.21646576	747.205.437	0.37307113	403.130.774	1.998			
938	syn_16	283	15.7	15	34	0.26956796	568.920.077	NA	0.62883643	2.221			
939	syn_16	284											
940	syn_16	285	13	14.3	34	101.936.349	1.096.390.997	0.56482964	2.238.246.012	0.855			
941	syn_16	286	13.5	14.2	34	0.50139971	802.320.554	0.32011347	643.173.978	0.605			
942	syn_16	287	15	14	34	0.72139918	682.555.397	0.32735032	224.926.414	0.872			
943	syn_16	288											
944	syn_16	289	11.7	13	34	0.27584549	1.026.670.677	0.46426078	400.626.666	1.505			
945	syn_16	290	12.8	13.1	34	0.61959417	925.552.032	0.42029521	342.771.250	1.673			
946	syn_16	291	10	11.8	35	113.919.458	1.403.286.008	0.67735015	653.670.004	2.665			
947	syn_16	292	9	11.5	34	NA	928.442.401	0.24797953	193.721.117	2.778			
948	syn_16	293	13.7	12.2	34	0.31245337	669.121.430	NA	149.546.708	2.946			
949	syn_16	294	13.5	12	34	0.44648775	786.365.667	NA	157.456.749	3.232			
950	syn_16	295	9.5	11.3	34	0.34300256	697.263.111	NA	140.486.230	3.022			
951	syn_16	296	8.7	11.2	35	0.34792908	840.643.114	0.31871464	368.415.534	2.655			
952	syn_17	214	23.5	18.3	NA	0.857251761	2.337330274	0.069182486	0.625133203	0.52			
953	syn_17	226	23	18.5	34	1.39859995	2.11237865	NA	0.63125864	0.302			
954	syn_17	227	26.8	18	34	0.60610945	4.21971346	NA	NA	0.3			
955	syn_17	228	21.5	17.8	34	0.13728068	4.57914812	NA	1.47610915	0.166			
956	syn_17	229	30.5	14.5	34	0.13651523	4.99604763	0.16272107	2.41098874	0.533			
957	syn_17	231	25.5	18.8	34	0.14743555	2.76116774	NA	NA	1.851			
958	syn_17	233	20.3	19.3	34	0.65253609	3.88623984	0.07189082	6.67253515	2.456			
959	syn_17	234	19.5	18.8	34	0.07227133	4.24216682	NA	7.36478308	2.813			
960	syn_17	235	NA	NA	34	NA	3.02969798	NA	1.24992589	2.996			
961	syn_17	236	17.8	NA	34	0.27492393	4.21989787	0.05520231	NA	2.847			
962	syn_17	237	NA	NA	32	0.47109591	5.21808205	0.28624272	1.72108027	2.833			
963	syn_17	245	31	20.8	34	0.47165878	6.42046635	0.17623048	2.14191335	0.749			
964	syn_17	249	24.5	15.3	34	NA	9.81178629	NA	NA	2.988			
965	syn_17	250	22.3	15.3	NA	0.22017042	7.85634114	0.2110399	2.07571329	3.232			
966	syn_17	251	24.5	14	35	0.44662338	9.79259867	0.4957588	6.28316885	3.544			
967	syn_17	252	22	16	34	NA	3.62048097	NA	NA	3.225			
968	syn_17	253	18.3	14.5	34	0.13557029	9.17461814	0.20596462	11.97060512	2.311			
969	syn_17	255	16.6	15.3	34	0.73863394	4.09706819	NA	2.22328082	0.908			
970	syn_17	256	18.3	16	34	NA	2.1538272	NA	1.26792339	0.717			
971	syn_17	257	21.3	16.2	34	0.20511208	5.66787229	NA	8.75177184	0.43			
972	syn_17	258	21.3	16.2	34	0.20511208	5.66787229	NA	8.75177184	0.43			
973	syn_17	259	19.7	15.4	35	1.41213507	8.60383916	0.21881931	1.64276403	1.021			
974	syn_17	260	15.8	15	NA	0.645455514	8.220016333	0.188656596	3.358025986	1.842			
975	syn_17	261	18.4	16.5	34	0.084449949	4.182439674	0.102966376	3.360362375	1.776			
976	syn_17	262	19.3	16	34	0.516553675	5.138416332	0.116435804	0.92503873	2.504			
977	syn_17	263	17	16.5	34	NA	2.47836526	NA	NA	2.902			
978	syn_17	264	16.8	16.3	35	NA	4.55118337	NA	0.80323694	2.907			
979	syn_17	265	24.5	16.1	34	0.12065417	5.68874843	NA	0.9802817	2.61			
980	syn_17	266	21.8	16.8	34	0.10839159	5.75379553	0.2120795	2.4233697	2.512			
981	syn_17	267	23	15.8	35	0.103145444	3.432459875	0.081593557	0.369492772	2.636			
982	syn_17	268	24.5	15.4	34	NA	388.553.437	0.1362162	1.380.458.067	2.506			
983	syn_17	269	19.5	15.6	34	NA	368.516.943	NA	0.39649923	1.56			
984	syn_17	270	16	16.1	34	NA	192.760.767	NA	0.64420558	1.417			
985	syn_17	271	23.5	16.1	34	NA	308.472.192	0.06192189	0.2512548	1.629			
986	syn_17	272	23.4	15.8	NA	0.64088392	314.520.666	0.08225597	0.20502392	0.859			
987	syn_17	273	20.5	16.6	34	NA	491.676.702	NA	398.961.658	0.7			
988	syn_17	274	24	13.6	34	NA	929.448.892	0.35865647	479.394.157	0.767			
989	syn_17	275	16.5	15	37	0.45541467	747.316.924	NA	340.940.811	0.687			
990	syn_17	276	12.8	14.8	35	NA	560.788.915	0.22233358	194.980.151	1.902			
991	syn_17	277	13.3	14.2	34	NA	335.568.200	NA	NA	2.096			
992	syn_17	278											
993	syn_17	279	15	15	34	0.59246255	473.112.511	0.29340584	335.872.437	3.596			
994	syn_17	280	12	14.8	34	0.34422829	425.226.139	0.06827934	107.608.610	3.427			
995	syn_17	281	16	14.9	35	0.56071625	460.514.160	NA	0.77871442	2.764			
996	syn_17	282	15	15	34	0.21646576	747.205.437	0.37307113	403.130.774	1.998			
997	syn_17	286	13.5	14.2	34	0.50139971	802.320.554	0.32011347	643.173.978	0.605			
998	syn_17	288											
999	syn_17	289	11.7	13	34	0.27584549	1.026.670.677	0.46426078	400.626.666	1.505			
1000	syn_17	290	12.8	13.1	34	0.61959417	925.552.032	0.42029521	342.771.250	1.673			
1001	syn_17	291	10	11.8	35	113.919.458	1.403.286.008	0.67735015	653.670.004	2.665			
1002	syn_17	292	9	11.5	34	NA	928.442.401	0.24797953	193.721.117	2.778			
1003	syn_17	293	13.7	12.2	34	0.31245337	669.121.430	NA	149.546.708	2.946			
1004	syn_17	294	13.5	12	34	0.44648775	786.365.667	NA	157.456.749	3.232			
1005	syn_17	295	9.5	11.3	34	0.34300256	697.263.111	NA	140.486.230	3.022			
1006	syn_20 	256	18.3	16	34	NA	2.1538272	NA	1.26792339	0.717			
1007	syn_20 	257	21.3	16.2	34	0.20511208	5.66787229	NA	8.75177184	0.43			
1008	syn_20 	263	17	16.5	34	NA	2.47836526	NA	NA				
1009	syn_20 	264	16.8	16.3	35	NA	4.55118337	NA	0.80323694				
1010	syn_20 	267	23	15.8	35	0.103145444	3.432459875	0.081593557	0.369492772	2.636			
1011	syn_20 	272	23.4	15.8	NA	0.64088392	314.520.666	0.08225597	0.20502392	0.859			
1012	syn_20 	274	24	13.6	34	NA	929.448.892	0.35865647	479.394.157	0.767			
1013	syn_20 	276	12.8	14.8	35	NA	560.788.915	0.22233358	194.980.151	1.902			
1014	syn_20 	277	13.3	14.2	34	NA	335.568.200	NA	NA	2.096			
1015	syn_20 	279	15	15	34	0.59246255	473.112.511	0.29340584	335.872.437	3.596			
1016	syn_20 	280	12	14.8	34	0.34422829	425.226.139	0.06827934	107.608.610	3.427			
1017	syn_20 	281	16	14.9	35	0.56071625	460.514.160	NA	0.77871442	2.764			
1018	syn_20 	282	15	15	34	0.21646576	747.205.437	0.37307113	403.130.774	1.998			
1019	syn_20 	283	15.7	15	34	0.26956796	568.920.077	NA	0.62883643	2.221			
1020	syn_20 	284											
1021	syn_20 	285	13	14.3	34	101.936.349	1.096.390.997	0.56482964	2.238.246.012	0.855			
1022	syn_20 	286	13.5	14.2	34	0.50139971	802.320.554	0.32011347	643.173.978	0.605			
1023	syn_20 	287	15	14	34	0.72139918	682.555.397	0.32735032	224.926.414	0.872			
1024	syn_20 	288											
1025	syn_20 	289	11.7	13	34	0.27584549	1.026.670.677	0.46426078	400.626.666	1.505			
1026	syn_20 	290	12.8	13.1	34	0.61959417	925.552.032	0.42029521	342.771.250	1.673			
1027	syn_20 	291	10	11.8	35	113.919.458	1.403.286.008	0.67735015	653.670.004	2.665			
1028	syn_20 	292	9	11.5	34	NA	928.442.401	0.24797953	193.721.117	2.778			
1029	syn_20 	293	13.7	12.2	34	0.31245337	669.121.430	NA	149.546.708	2.946			
1030	syn_20 	294	13.5	12	34	0.44648775	786.365.667	NA	157.456.749	3.232			
1031	syn_20 	295	9.5	11.3	34	0.34300256	697.263.111	NA	140.486.230	3.022			
1032	syn_20 	296	8.7	11.2	35	0.34792908	840.643.114	0.31871464	368.415.534	2.655			
1033	syn_21	211	24	17	34	NA	NA	NA	NA	0.83			
1034	syn_21	214	23.5	18.3	NA	0.857251761	2.337330274	0.069182486	0.625133203	0.52			
1035	syn_21	215	26.5	13.5	34	0.45992612	2.53344865	0.09660993	0.57640175	0.609			
1036	syn_21	218	28.5	13.5	34	0.69743456	6.32002733	0.19483969	2.94348612	1.941			
1037	syn_21	219	23.5	11	34	0.75950658	5.57384693	0.20614744	1.79758424	2.479			
1038	syn_21	220	26.5	11	34	0.37917359	4.44770123	0.24337135	1.75748877	2.899			
1039	syn_21	221	26.5	12.8	34	NA	4.10791588	NA	NA	3.13			
1040	syn_21	222	25.5	13.8	NA	0.21565437	3.99431553	0.10142842	0.31993432	2.477			
1041	syn_21	225	21.5	19.8	NA	0.663421426	2.891279198	0.106077048	0.346832485	1.36			
1042	syn_21	228	21.5	17.8	34	0.13728068	4.57914812	NA	1.47610915	0.166			
1043	syn_21	229	30.5	14.5	34	0.13651523	4.99604763	0.16272107	2.41098874	0.533			
1044	syn_21	230	21.5	16.5	34	0.52505727	3.45161568	NA	5.10852963	1.104			
1045	syn_21	231	25.5	18.8	34	0.14743555	2.76116774	NA	NA	1.851			
1046	syn_21	233	20.3	19.3	34	0.65253609	3.88623984	0.07189082	6.67253515	2.456			
1047	syn_21	234	19.5	18.8	34	0.07227133	4.24216682	NA	7.36478308	2.813			
1048	syn_21	235	NA	NA	34	NA	3.02969798	NA	1.24992589	2.996			
1049	syn_21	236	17.8	NA	34	0.27492393	4.21989787	0.05520231	NA	2.847			
1050	syn_21	238	23	17.8	34	0.22274232	7.12065515	0.2551114	3.91188988	1.848			
1051	syn_21	239	21.3	17.8	34	NA	8.44858475	NA	1.24735746	1.601			
1052	syn_21	240	23	18	34	NA	7.18331736	0.07581914	0.88218234	1.54			
1053	syn_21	242	28.3	20	34	NA	8.70254607	0.08373814	2.35319588	0.92			
1054	syn_21	244	27.5	20	NA	0.67201408	8.38006167	NA	1.26698903	0.707			
1055	syn_21	245	31	20.8	34	0.47165878	6.42046635	0.17623048	2.14191335	0.749			
1056	syn_21	246	24.8	16.8	34	0.57099117	8.13923172	0.1207861	0.78493458	1.556			
1057	syn_21	249	24.5	15.3	34	NA	9.81178629	NA	NA	2.988			
1058	syn_21	250	22.3	15.3	NA	0.22017042	7.85634114	0.2110399	2.07571329	3.232			
1059	syn_21	252	22	16	34	NA	3.62048097	NA	NA	3.225			
1060	syn_21	256	18.3	16	34	NA	2.1538272	NA	1.26792339	0.717			
1061	syn_21	258	21.3	16.2	34	0.20511208	5.66787229	NA	8.75177184	0.43			
1062	syn_21	259	19.7	15.4	35	1.41213507	8.60383916	0.21881931	1.64276403	1.021			
1063	syn_21	260	15.8	15	NA	0.645455514	8.220016333	0.188656596	3.358025986	1.842			
1064	syn_21	261	18.4	16.5	34	0.084449949	4.182439674	0.102966376	3.360362375	1.776			
1065	syn_21	266	21.8	16.8	34	0.10839159	5.75379553	0.2120795	2.4233697	2.512			
1066	syn_21	267	23	15.8	35	0.103145444	3.432459875	0.081593557	0.369492772	2.636			
1067	syn_21	268	24.5	15.4	34	NA	388.553.437	0.1362162	1.380.458.067	2.506			
1068	syn_21	269	19.5	15.6	34	NA	368.516.943	NA	0.39649923	1.56			
1069	syn_21	270	16	16.1	34	NA	192.760.767	NA	0.64420558	1.417			
1070	syn_21	271	23.5	16.1	34	NA	308.472.192	0.06192189	0.2512548	1.629			
1071	syn_21	272	23.4	15.8	NA	0.64088392	314.520.666	0.08225597	0.20502392	0.859			
1072	syn_21	275	16.5	15	37	0.45541467	747.316.924	NA	340.940.811	0.687			
1073	syn_21	276	12.8	14.8	35	NA	560.788.915	0.22233358	194.980.151	1.902			
1074	syn_21	277	13.3	14.2	34	NA	335.568.200	NA	NA	2.096			
1075	syn_21	278											
1076	syn_21	279	15	15	34	0.59246255	473.112.511	0.29340584	335.872.437	3.596			
1077	syn_21	280	12	14.8	34	0.34422829	425.226.139	0.06827934	107.608.610	3.427			
1078	syn_21	281	16	14.9	35	0.56071625	460.514.160	NA	0.77871442	2.764			
1079	syn_21	282	15	15	34	0.21646576	747.205.437	0.37307113	403.130.774	1.998			
1080	syn_21	283	15.7	15	34	0.26956796	568.920.077	NA	0.62883643	2.221			
1081	syn_21	284											
1082	syn_21	285	13	14.3	34	101.936.349	1.096.390.997	0.56482964	2.238.246.012	0.855			
1083	syn_21	286	13.5	14.2	34	0.50139971	802.320.554	0.32011347	643.173.978	0.605			
1084	syn_21	287	15	14	34	0.72139918	682.555.397	0.32735032	224.926.414	0.872			
1085	syn_21	288											
1086	syn_21	289	11.7	13	34	0.27584549	1.026.670.677	0.46426078	400.626.666	1.505			
1087	syn_21	290	12.8	13.1	34	0.61959417	925.552.032	0.42029521	342.771.250	1.673			
1088	syn_21	291	10	11.8	35	113.919.458	1.403.286.008	0.67735015	653.670.004	2.665			
1089	syn_21	292	9	11.5	34	NA	928.442.401	0.24797953	193.721.117	2.778			
1090	syn_21	293	13.7	12.2	34	0.31245337	669.121.430	NA	149.546.708	2.946			
1091	syn_21	295	9.5	11.3	34	0.34300256	697.263.111	NA	140.486.230	3.022			
1092	syn_21	296	8.7	11.2	35	0.34792908	840.643.114	0.31871464	368.415.534	2.655			
1093	syn_23	233	20.3	19.3	34	0.65253609	3.88623984	0.07189082	6.67253515	2.456			
1094	syn_23	234	19.5	18.8	34	0.07227133	4.24216682	NA	7.36478308	2.813			
1095	syn_23	236	17.8	NA	34	0.27492393	4.21989787	0.05520231	NA	2.847			
1096	syn_23	237	NA	NA	32	0.47109591	5.21808205	0.28624272	1.72108027	2.833			
1097	syn_23	238	23	17.8	34	0.22274232	7.12065515	0.2551114	3.91188988	1.848			
1098	syn_23	239	21.3	17.8	34	NA	8.44858475	NA	1.24735746	1.601			
1099	syn_23	240	23	18	34	NA	7.18331736	0.07581914	0.88218234	1.54			
1100	syn_23	241	28.9	18.6	34	0.3042622	9.6138788	0.16589333	5.33803892	1.34			
1101	syn_23	242	28.3	20	34	NA	8.70254607	0.08373814	2.35319588	0.92			
1102	syn_23	243	31.8	20	34	0.40162698	8.29204861	0.15707403	1.63700583	0.816			
1103	syn_23	244	27.5	20	NA	0.67201408	8.38006167	NA	1.26698903	0.707			
1104	syn_23	245	31	20.8	34	0.47165878	6.42046635	0.17623048	2.14191335	0.749			
1105	syn_23	246	24.8	16.8	34	0.57099117	8.13923172	0.1207861	0.78493458	1.556			
1106	syn_23	248	22.8	16	34	1.3294906	9.55889026	0.22767358	2.85282762	2.279			
1107	syn_23	249	24.5	15.3	34	NA	9.81178629	NA	NA	2.988			
1108	syn_23	250	22.3	15.3	NA	0.22017042	7.85634114	0.2110399	2.07571329	3.232			
1109	syn_23	256	18.3	16	34	NA	2.1538272	NA	1.26792339	0.717			
1110	syn_23	257	21.3	16.2	34	0.20511208	5.66787229	NA	8.75177184	0.43			
1111	syn_23	258	21.3	16.2	34	0.20511208	5.66787229	NA	8.75177184	0.43			
1112	syn_23	259	19.7	15.4	35	1.41213507	8.60383916	0.21881931	1.64276403	1.021			
1113	syn_23	260	15.8	15	NA	0.645455514	8.220016333	0.188656596	3.358025986	1.842			
1114	syn_23	261	18.4	16.5	34	0.084449949	4.182439674	0.102966376	3.360362375	1.776			
1115	syn_23	262	19.3	16	34	0.516553675	5.138416332	0.116435804	0.92503873	2.504			
1116	syn_23	263	17	16.5	34	NA	2.47836526	NA	NA	2.902			
1117	syn_23	264	16.8	16.3	35	NA	4.55118337	NA	0.80323694	2.907			
1118	syn_23	265	24.5	16.1	34	0.12065417	5.68874843	NA	0.9802817	2.61			
1119	syn_23	266	21.8	16.8	34	0.10839159	5.75379553	0.2120795	2.4233697	2.512			
1120	syn_23	267	23	15.8	35	0.103145444	3.432459875	0.081593557	0.369492772	2.636			
1121	syn_23	270	16	16.1	34	NA	192.760.767	NA	0.64420558	1.417			
1122	syn_23	272	23.4	15.8	NA	0.64088392	314.520.666	0.08225597	0.20502392	0.859			
1123	syn_23	275	16.5	15	37	0.45541467	747.316.924	NA	340.940.811	0.687			
1124	syn_23	276	12.8	14.8	35	NA	560.788.915	0.22233358	194.980.151	1.902			
1125	syn_23	277	13.3	14.2	34	NA	335.568.200	NA	NA	2.096			
1126	syn_23	280	12	14.8	34	0.34422829	425.226.139	0.06827934	107.608.610	3.427			
1127	syn_23	281	16	14.9	35	0.56071625	460.514.160	NA	0.77871442	2.764			
1128	syn_23	282	15	15	34	0.21646576	747.205.437	0.37307113	403.130.774	1.998			
1129	syn_23	284											
1130	syn_23	285	13	14.3	34	101.936.349	1.096.390.997	0.56482964	2.238.246.012	0.855			
1131	syn_23	286	13.5	14.2	34	0.50139971	802.320.554	0.32011347	643.173.978	0.605			
1132	syn_23	287	15	14	34	0.72139918	682.555.397	0.32735032	224.926.414	0.872			
1133	syn_23	288											
1134	syn_23	289	11.7	13	34	0.27584549	1.026.670.677	0.46426078	400.626.666	1.505			
1135	syn_23	290	12.8	13.1	34	0.61959417	925.552.032	0.42029521	342.771.250	1.673			
1136	syn_23	291	10	11.8	35	113.919.458	1.403.286.008	0.67735015	653.670.004	2.665			
1137	syn_23	292	9	11.5	34	NA	928.442.401	0.24797953	193.721.117	2.778			
1138	syn_23	293	13.7	12.2	34	0.31245337	669.121.430	NA	149.546.708	2.946			
1139	syn_23	294	13.5	12	34	0.44648775	786.365.667	NA	157.456.749	3.232			
1140	syn_23	295	9.5	11.3	34	0.34300256	697.263.111	NA	140.486.230	3.022			
1141	syn_23	296	8.7	11.2	35	0.34792908	840.643.114	0.31871464	368.415.534	2.655			
1142	syn_25	206	NA	NA	NA	NA	NA	NA	NA	2.605			
1143	syn_25	263	17	16.5	34	NA	2.47836526	NA	NA	2.902			
1144	syn_25	264	16.8	16.3	35	NA	4.55118337	NA	0.80323694	2.907			
1145	syn_25	265	24.5	16.1	34	0.12065417	5.68874843	NA	0.9802817	2.61			
1146	syn_25	266	21.8	16.8	34	0.10839159	5.75379553	0.2120795	2.4233697	2.512			
1147	syn_25	267	23	15.8	35	0.103145444	3.432459875	0.081593557	0.369492772	2.636			
1148	syn_25	268	24.5	15.4	34	NA	388.553.437	0.1362162	1.380.458.067	2.506			
1149	syn_25	269	19.5	15.6	34	NA	368.516.943	NA	0.39649923	1.56			
1150	syn_25	270	16	16.1	34	NA	192.760.767	NA	0.64420558	1.417			
1151	syn_25	271	23.5	16.1	34	NA	308.472.192	0.06192189	0.2512548	1.629			
1152	syn_25	272	23.4	15.8	NA	0.64088392	314.520.666	0.08225597	0.20502392	0.859			
1153	syn_25	273	20.5	16.6	34	NA	491.676.702	NA	398.961.658	0.7			
1154	syn_25	274	24	13.6	34	NA	929.448.892	0.35865647	479.394.157	0.767			
1155	syn_25	275	16.5	15	37	0.45541467	747.316.924	NA	340.940.811	0.687			
1156	syn_25	276	12.8	14.8	35	NA	560.788.915	0.22233358	194.980.151	1.902			
1157	syn_25	277	13.3	14.2	34	NA	335.568.200	NA	NA	2.096			
1158	syn_25	279	15	15	34	0.59246255	473.112.511	0.29340584	335.872.437	3.596			
1159	syn_25	282	15	15	34	0.21646576	747.205.437	0.37307113	403.130.774	1.998			
1160	syn_25	283	15.7	15	34	0.26956796	568.920.077	NA	0.62883643	2.221			
1161	syn_25	284											
1162	syn_25	286	13.5	14.2	34	0.50139971	802.320.554	0.32011347	643.173.978	0.605			
1163	syn_25	288											
1164	syn_25	289	11.7	13	34	0.27584549	1.026.670.677	0.46426078	400.626.666	1.505			
1165	syn_25	291	10	11.8	35	113.919.458	1.403.286.008	0.67735015	653.670.004	2.665			
1166	syn_25	292	9	11.5	34	NA	928.442.401	0.24797953	193.721.117	2.778			
1167	syn_25	293	13.7	12.2	34	0.31245337	669.121.430	NA	149.546.708	2.946			
1168	syn_25	295	 	11.3	34	0.34300256	697.263.111	NA	140.486.230	3.022			
1169	syn_25	296	8.7	11.2	35	0.34792908	840.643.114	0.31871464	368.415.534	2.655			